200	9936
81	160
0	1	43
2	0	74
0	3	66
0	4	12
5	0	63
0	6	40
7	0	93
8	0	49
9	0	7
10	0	22
11	0	20
12	0	54
13	0	17
0	14	2
0	15	83
16	0	86
0	17	20
0	18	64
0	19	4
0	20	43
21	0	59
0	22	33
23	0	14
24	0	96
0	25	55
0	26	97
27	0	60
28	0	26
29	0	6
30	0	73
31	0	82
32	0	4
33	0	93
34	0	77
35	0	66
0	36	26
37	0	88
38	0	87
39	0	17
40	0	35
0	41	27
0	42	64
43	0	92
44	0	86
0	45	99
46	0	75
47	0	61
48	0	35
49	0	66
50	0	71
0	51	3
0	52	35
53	0	55
54	0	24
0	55	5
56	0	5
57	0	50
0	58	98
59	0	2
60	0	46
61	0	51
62	0	33
0	63	57
0	64	42
65	0	53
66	0	41
67	0	62
0	68	76
69	0	45
70	0	37
71	0	21
0	72	69
73	0	95
74	0	53
75	0	21
0	76	40
77	0	17
78	0	24
79	0	68
0	80	33
81	0	22
0	82	10
0	83	49
84	0	78
85	0	8
86	0	3
0	87	91
0	88	61
89	0	85
90	0	93
0	91	97
0	92	52
0	93	99
0	94	59
95	0	93
96	0	18
0	97	87
0	98	17
0	99	45
1	2	75
3	1	80
4	1	50
5	1	95
6	1	49
7	1	35
8	1	4
9	1	60
1	10	64
11	1	13
1	12	99
13	1	31
1	14	64
15	1	55
1	16	2
1	17	95
1	18	93
19	1	7
20	1	37
21	1	35
1	22	44
1	23	12
24	1	18
25	1	1
1	26	11
27	1	26
28	1	89
1	29	62
30	1	46
1	31	63
32	1	62
1	33	91
34	1	12
1	35	59
36	1	11
37	1	71
1	38	68
1	39	83
1	40	2
1	41	40
42	1	78
43	1	93
44	1	100
45	1	39
46	1	7
1	47	75
48	1	37
1	49	72
50	1	44
1	51	98
1	52	23
53	1	30
1	54	61
55	1	15
56	1	10
1	57	91
58	1	37
1	59	64
1	60	53
61	1	3
1	62	39
1	63	61
1	64	35
1	65	25
66	1	58
67	1	44
1	68	87
1	69	74
1	70	14
1	71	48
72	1	37
1	73	78
74	1	17
75	1	84
76	1	77
1	77	47
1	78	72
79	1	61
1	80	45
81	1	29
1	82	71
83	1	86
84	1	3
1	85	39
1	86	82
87	1	27
88	1	43
89	1	90
1	90	84
91	1	2
1	92	95
1	93	24
94	1	33
95	1	65
96	1	32
1	97	87
98	1	28
1	99	50
3	2	2
2	4	100
5	2	71
2	6	80
7	2	3
8	2	37
2	9	62
2	10	69
11	2	40
2	12	80
13	2	93
14	2	37
2	15	54
2	16	66
17	2	61
2	18	99
2	19	11
2	20	51
2	21	1
22	2	82
2	23	95
24	2	4
2	25	22
26	2	18
2	27	49
2	28	63
2	29	27
2	30	35
31	2	85
2	32	32
33	2	45
34	2	49
35	2	65
36	2	4
37	2	51
38	2	100
2	39	27
2	40	66
41	2	1
2	42	58
2	43	81
44	2	58
2	45	35
2	46	32
2	47	66
48	2	94
2	49	79
2	50	58
2	51	67
52	2	93
2	53	47
54	2	58
2	55	14
2	56	54
57	2	97
58	2	53
59	2	1
2	60	89
2	61	87
2	62	35
2	63	63
64	2	65
65	2	46
66	2	73
67	2	3
2	68	46
2	69	57
70	2	41
71	2	74
72	2	60
2	73	6
2	74	18
2	75	10
2	76	64
77	2	90
2	78	48
79	2	51
2	80	9
81	2	33
2	82	69
83	2	5
2	84	54
2	85	72
86	2	5
2	87	15
2	88	10
2	89	65
90	2	32
2	91	23
2	92	5
2	93	99
94	2	41
95	2	37
2	96	5
2	97	47
2	98	78
2	99	64
4	3	48
3	5	26
6	3	73
3	7	47
3	8	32
9	3	89
10	3	69
11	3	61
12	3	55
3	13	77
3	14	62
3	15	48
3	16	56
3	17	11
18	3	33
19	3	87
3	20	26
3	21	23
22	3	49
23	3	18
24	3	92
25	3	100
3	26	41
3	27	73
3	28	13
3	29	48
30	3	33
31	3	84
32	3	57
3	33	8
3	34	40
35	3	17
36	3	31
37	3	18
3	38	42
3	39	50
3	40	74
3	41	10
42	3	95
3	43	21
3	44	10
3	45	46
46	3	94
3	47	2
48	3	63
49	3	45
50	3	75
51	3	57
52	3	60
3	53	78
54	3	20
55	3	79
3	56	36
3	57	44
58	3	90
3	59	33
3	60	45
61	3	46
62	3	100
63	3	78
3	64	69
3	65	33
66	3	63
3	67	49
3	68	86
69	3	93
3	70	66
71	3	92
72	3	29
73	3	68
74	3	64
75	3	27
76	3	17
3	77	7
78	3	1
79	3	24
80	3	37
81	3	47
3	82	42
3	83	77
84	3	44
85	3	7
86	3	60
87	3	59
3	88	56
89	3	95
3	90	9
91	3	30
92	3	2
93	3	68
3	94	36
3	95	5
3	96	44
3	97	5
3	98	39
3	99	36
4	5	31
6	4	67
4	7	7
4	8	84
4	9	21
4	10	48
4	11	72
12	4	70
13	4	22
4	14	97
15	4	81
4	16	98
17	4	39
4	18	68
19	4	5
20	4	33
21	4	68
22	4	43
23	4	48
24	4	21
25	4	55
4	26	19
4	27	60
4	28	53
29	4	16
30	4	16
4	31	11
32	4	13
33	4	62
34	4	18
35	4	88
36	4	3
4	37	50
38	4	19
39	4	96
4	40	38
41	4	28
42	4	10
4	43	8
44	4	62
45	4	75
46	4	16
4	47	76
4	48	76
49	4	73
4	50	45
51	4	30
52	4	28
53	4	45
54	4	46
55	4	71
4	56	29
57	4	47
58	4	33
4	59	86
60	4	4
4	61	50
62	4	52
4	63	35
64	4	56
65	4	57
66	4	10
67	4	14
68	4	65
4	69	96
4	70	26
71	4	9
4	72	6
4	73	36
4	74	22
75	4	42
4	76	35
77	4	88
78	4	92
4	79	64
4	80	47
81	4	30
82	4	54
83	4	100
4	84	55
85	4	30
86	4	71
87	4	91
4	88	20
4	89	28
90	4	28
4	91	95
92	4	77
93	4	1
4	94	69
95	4	26
4	96	60
4	97	42
4	98	98
99	4	53
6	5	22
7	5	21
8	5	24
5	9	26
10	5	77
5	11	17
5	12	35
13	5	79
14	5	74
15	5	6
5	16	12
5	17	35
18	5	70
5	19	14
20	5	19
21	5	26
5	22	89
5	23	36
5	24	72
5	25	43
5	26	65
27	5	48
5	28	14
29	5	14
30	5	80
5	31	64
32	5	55
33	5	7
34	5	16
35	5	80
5	36	45
5	37	58
5	38	94
39	5	4
40	5	9
41	5	39
42	5	38
43	5	60
44	5	43
45	5	76
5	46	14
47	5	77
5	48	29
49	5	84
5	50	74
5	51	14
5	52	40
5	53	10
54	5	58
5	55	14
5	56	55
57	5	71
58	5	40
5	59	64
60	5	69
61	5	97
5	62	80
5	63	100
5	64	54
65	5	77
5	66	89
67	5	48
68	5	57
5	69	75
5	70	22
5	71	62
72	5	9
73	5	40
74	5	85
5	75	68
5	76	84
77	5	47
5	78	15
5	79	40
80	5	88
81	5	10
5	82	89
5	83	66
5	84	96
85	5	43
5	86	14
87	5	78
5	88	65
89	5	55
5	90	90
91	5	91
92	5	22
93	5	55
94	5	25
95	5	100
96	5	45
5	97	78
5	98	46
5	99	9
6	7	52
8	6	10
9	6	65
10	6	74
11	6	75
12	6	37
13	6	15
14	6	94
6	15	75
16	6	29
17	6	86
6	18	75
19	6	27
20	6	59
6	21	86
6	22	53
6	23	44
6	24	9
25	6	94
6	26	41
6	27	66
6	28	55
6	29	29
6	30	54
6	31	81
6	32	20
33	6	19
34	6	93
35	6	66
6	36	53
37	6	55
6	38	5
39	6	27
40	6	21
6	41	36
6	42	53
6	43	25
6	44	38
6	45	91
6	46	70
47	6	44
6	48	23
49	6	58
50	6	56
51	6	82
6	52	46
6	53	34
6	54	12
6	55	20
56	6	44
6	57	53
58	6	14
59	6	90
6	60	67
6	61	76
62	6	96
6	63	94
6	64	84
65	6	87
66	6	3
6	67	79
68	6	90
69	6	57
70	6	28
6	71	22
6	72	30
73	6	65
74	6	46
75	6	69
6	76	27
6	77	86
6	78	15
79	6	99
6	80	44
81	6	47
6	82	89
83	6	51
6	84	63
85	6	7
86	6	58
87	6	4
88	6	17
89	6	99
90	6	41
91	6	60
6	92	32
93	6	16
94	6	75
6	95	57
6	96	64
97	6	72
6	98	85
99	6	81
7	8	85
7	9	95
7	10	19
7	11	57
7	12	76
13	7	42
14	7	94
7	15	76
16	7	32
7	17	70
18	7	94
19	7	87
7	20	39
7	21	58
7	22	14
7	23	56
24	7	42
25	7	84
26	7	56
27	7	20
28	7	10
29	7	97
7	30	36
31	7	62
32	7	92
33	7	11
34	7	63
35	7	77
7	36	98
7	37	2
7	38	27
7	39	92
7	40	70
41	7	45
42	7	2
43	7	96
7	44	58
45	7	71
46	7	9
7	47	82
7	48	85
49	7	53
50	7	54
7	51	41
52	7	74
53	7	10
54	7	36
55	7	18
7	56	19
7	57	77
7	58	21
59	7	71
60	7	36
7	61	94
7	62	4
63	7	42
64	7	36
65	7	84
7	66	17
67	7	7
68	7	15
7	69	62
7	70	87
7	71	63
7	72	57
7	73	59
7	74	48
7	75	46
76	7	2
7	77	42
7	78	98
79	7	46
7	80	59
81	7	14
7	82	60
7	83	1
84	7	44
85	7	83
86	7	94
7	87	49
7	88	42
89	7	6
90	7	18
91	7	7
7	92	99
93	7	91
7	94	56
95	7	77
96	7	25
7	97	67
7	98	9
99	7	75
8	9	4
8	10	18
11	8	82
12	8	40
13	8	94
14	8	22
8	15	78
8	16	28
8	17	55
18	8	1
19	8	70
20	8	25
21	8	100
22	8	2
23	8	23
8	24	19
25	8	61
8	26	38
27	8	89
28	8	93
8	29	32
30	8	56
8	31	91
8	32	18
33	8	24
8	34	78
8	35	30
36	8	71
8	37	57
38	8	61
39	8	58
40	8	89
8	41	75
8	42	65
8	43	67
44	8	93
45	8	6
8	46	21
8	47	64
48	8	74
49	8	53
50	8	16
51	8	96
8	52	4
8	53	66
54	8	68
55	8	40
8	56	91
8	57	1
8	58	58
59	8	25
8	60	54
8	61	79
8	62	51
63	8	67
8	64	9
65	8	93
8	66	29
67	8	66
68	8	51
8	69	42
70	8	69
8	71	69
72	8	37
73	8	97
8	74	72
75	8	60
76	8	91
8	77	55
8	78	16
8	79	56
8	80	28
81	8	60
82	8	33
83	8	17
8	84	61
8	85	47
8	86	100
8	87	87
8	88	61
89	8	60
90	8	43
91	8	33
92	8	95
93	8	88
94	8	49
95	8	91
8	96	27
8	97	16
8	98	71
99	8	69
9	10	83
9	11	62
12	9	64
13	9	57
14	9	14
15	9	63
9	16	5
17	9	9
18	9	30
19	9	14
9	20	100
9	21	25
22	9	10
9	23	28
24	9	94
9	25	68
9	26	100
27	9	17
9	28	23
9	29	23
9	30	80
9	31	26
9	32	17
33	9	18
34	9	78
9	35	32
9	36	16
37	9	54
9	38	70
9	39	87
40	9	21
9	41	43
42	9	49
43	9	39
9	44	20
9	45	91
46	9	97
9	47	56
48	9	79
9	49	99
9	50	34
51	9	96
52	9	72
53	9	85
54	9	19
55	9	1
9	56	23
57	9	22
9	58	95
9	59	51
9	60	32
9	61	25
9	62	13
63	9	11
64	9	21
9	65	7
9	66	57
67	9	61
9	68	83
69	9	33
70	9	4
9	71	100
9	72	78
73	9	91
9	74	2
75	9	72
9	76	19
9	77	55
78	9	6
9	79	15
80	9	95
9	81	46
9	82	22
9	83	51
9	84	32
85	9	37
9	86	33
87	9	11
9	88	94
9	89	78
90	9	41
9	91	96
92	9	23
9	93	80
9	94	4
95	9	83
9	96	18
97	9	69
9	98	13
99	9	65
11	10	87
12	10	51
13	10	51
14	10	30
10	15	62
10	16	82
10	17	50
18	10	28
10	19	77
20	10	44
21	10	73
22	10	38
10	23	39
10	24	61
10	25	39
26	10	9
27	10	85
10	28	28
29	10	74
10	30	51
31	10	41
32	10	41
10	33	93
34	10	82
10	35	32
10	36	65
37	10	73
38	10	70
39	10	53
10	40	32
10	41	25
10	42	6
10	43	30
10	44	13
10	45	69
10	46	81
10	47	82
48	10	47
49	10	100
10	50	89
10	51	44
52	10	42
53	10	42
10	54	16
10	55	22
10	56	25
10	57	29
58	10	100
10	59	38
10	60	22
61	10	42
62	10	35
10	63	79
10	64	43
65	10	72
10	66	4
10	67	28
68	10	99
69	10	19
10	70	89
10	71	97
72	10	91
10	73	67
10	74	90
10	75	59
10	76	75
10	77	30
78	10	12
10	79	96
80	10	23
81	10	86
10	82	38
83	10	10
84	10	79
10	85	100
10	86	57
10	87	37
10	88	17
10	89	28
10	90	2
10	91	67
10	92	1
93	10	51
10	94	68
10	95	13
10	96	15
10	97	94
98	10	34
99	10	18
12	11	55
13	11	20
11	14	78
11	15	2
11	16	74
17	11	37
11	18	96
11	19	83
20	11	8
21	11	88
22	11	45
23	11	19
11	24	6
11	25	2
26	11	35
27	11	34
11	28	32
11	29	81
11	30	1
31	11	98
32	11	14
11	33	100
34	11	30
35	11	21
36	11	91
11	37	88
11	38	83
39	11	65
40	11	90
41	11	66
42	11	20
11	43	46
11	44	85
11	45	98
46	11	71
47	11	8
11	48	10
11	49	64
11	50	39
51	11	84
52	11	64
11	53	37
54	11	51
11	55	84
11	56	95
11	57	5
11	58	12
59	11	77
11	60	95
61	11	95
11	62	72
11	63	72
64	11	27
11	65	5
66	11	71
11	67	15
68	11	36
11	69	56
11	70	62
71	11	78
72	11	31
11	73	94
74	11	14
75	11	93
76	11	92
11	77	18
78	11	90
11	79	44
11	80	91
81	11	40
11	82	17
83	11	81
84	11	45
11	85	51
86	11	98
11	87	9
11	88	86
89	11	79
11	90	77
11	91	70
92	11	80
93	11	31
11	94	22
11	95	47
11	96	29
97	11	62
11	98	23
11	99	1
12	13	97
12	14	68
12	15	87
16	12	49
12	17	67
12	18	40
19	12	44
20	12	6
21	12	92
22	12	28
12	23	13
12	24	57
25	12	40
26	12	81
12	27	93
28	12	94
29	12	36
30	12	48
31	12	74
12	32	69
12	33	40
12	34	4
12	35	46
12	36	49
37	12	79
12	38	25
39	12	59
40	12	28
41	12	64
42	12	20
12	43	57
12	44	3
12	45	82
12	46	48
47	12	24
48	12	60
12	49	61
12	50	1
12	51	78
12	52	74
53	12	87
54	12	48
12	55	78
56	12	79
12	57	18
12	58	35
59	12	43
60	12	16
61	12	36
12	62	93
12	63	28
64	12	20
65	12	21
66	12	87
67	12	72
12	68	83
69	12	31
12	70	20
12	71	83
72	12	78
12	73	71
74	12	59
12	75	49
76	12	82
12	77	82
78	12	64
12	79	67
12	80	46
12	81	74
12	82	97
12	83	93
84	12	83
12	85	58
12	86	81
87	12	79
88	12	31
12	89	44
90	12	41
12	91	47
92	12	6
12	93	26
94	12	57
95	12	94
12	96	79
97	12	52
98	12	66
99	12	17
13	14	14
15	13	60
16	13	42
13	17	14
18	13	73
13	19	54
20	13	15
21	13	19
22	13	97
23	13	37
24	13	32
25	13	63
26	13	31
27	13	98
28	13	12
13	29	35
30	13	95
31	13	72
32	13	4
33	13	35
13	34	52
13	35	75
13	36	36
13	37	29
13	38	28
39	13	41
13	40	98
13	41	69
13	42	73
13	43	30
44	13	67
13	45	86
46	13	53
47	13	7
13	48	89
49	13	100
50	13	82
51	13	87
13	52	24
13	53	59
54	13	17
13	55	68
56	13	43
57	13	88
58	13	56
13	59	56
60	13	22
61	13	97
13	62	37
63	13	6
13	64	78
13	65	18
13	66	34
67	13	99
68	13	52
69	13	49
70	13	51
13	71	91
72	13	78
13	73	5
74	13	90
75	13	43
76	13	19
77	13	56
78	13	13
13	79	60
80	13	78
13	81	46
13	82	56
83	13	71
13	84	9
85	13	2
86	13	9
13	87	83
13	88	66
13	89	69
90	13	48
91	13	77
13	92	34
13	93	76
94	13	42
95	13	91
13	96	68
97	13	64
13	98	58
13	99	35
14	15	13
16	14	79
17	14	10
18	14	5
14	19	6
14	20	47
14	21	3
14	22	14
23	14	74
24	14	41
25	14	44
14	26	54
14	27	65
14	28	78
29	14	35
30	14	77
31	14	31
32	14	54
14	33	77
14	34	66
14	35	85
36	14	32
14	37	91
14	38	80
14	39	49
40	14	74
14	41	45
14	42	73
43	14	25
44	14	60
14	45	54
46	14	68
47	14	7
48	14	64
49	14	45
50	14	62
51	14	2
52	14	57
53	14	67
14	54	35
14	55	79
14	56	71
14	57	33
14	58	10
59	14	85
60	14	50
61	14	11
62	14	39
14	63	6
64	14	96
14	65	29
66	14	52
14	67	24
68	14	52
69	14	86
14	70	22
14	71	63
14	72	73
14	73	82
14	74	76
14	75	4
76	14	88
77	14	45
14	78	49
79	14	13
14	80	18
81	14	100
14	82	22
83	14	34
84	14	29
14	85	94
86	14	59
87	14	12
88	14	40
14	89	36
14	90	95
14	91	88
14	92	68
93	14	29
94	14	25
95	14	46
96	14	16
14	97	46
14	98	61
14	99	23
15	16	1
17	15	52
18	15	22
15	19	32
15	20	56
21	15	98
22	15	46
23	15	76
24	15	88
25	15	64
15	26	62
27	15	44
15	28	34
29	15	88
15	30	95
15	31	77
15	32	41
15	33	49
34	15	42
15	35	11
36	15	58
37	15	14
15	38	62
39	15	32
40	15	34
15	41	88
15	42	100
43	15	27
15	44	11
45	15	75
15	46	58
47	15	97
48	15	72
15	49	65
50	15	37
51	15	8
15	52	50
15	53	68
54	15	40
15	55	90
56	15	50
15	57	73
58	15	89
59	15	4
15	60	81
61	15	92
15	62	2
63	15	53
64	15	3
15	65	83
66	15	67
15	67	73
15	68	36
15	69	62
70	15	75
15	71	86
15	72	38
73	15	41
74	15	64
15	75	80
15	76	83
77	15	64
78	15	95
79	15	39
15	80	79
81	15	85
82	15	19
83	15	70
84	15	57
15	85	40
86	15	64
15	87	38
15	88	63
89	15	83
90	15	44
15	91	93
92	15	29
15	93	97
15	94	90
95	15	96
96	15	74
15	97	100
98	15	55
99	15	94
16	17	29
18	16	44
19	16	49
20	16	34
16	21	94
16	22	23
23	16	12
24	16	75
16	25	42
16	26	70
27	16	35
28	16	57
16	29	99
16	30	93
31	16	15
32	16	95
33	16	84
16	34	98
16	35	78
36	16	24
37	16	3
38	16	59
39	16	75
16	40	3
41	16	92
16	42	26
16	43	77
16	44	15
45	16	42
46	16	57
47	16	21
48	16	29
16	49	99
50	16	65
51	16	16
16	52	36
53	16	41
16	54	26
16	55	9
16	56	30
57	16	71
58	16	84
16	59	59
16	60	99
16	61	64
62	16	57
16	63	45
64	16	51
65	16	11
66	16	31
16	67	18
16	68	64
16	69	70
16	70	83
71	16	59
72	16	26
73	16	25
74	16	3
75	16	67
16	76	2
77	16	82
78	16	96
16	79	50
16	80	28
81	16	13
82	16	96
83	16	89
16	84	27
85	16	7
16	86	30
16	87	82
88	16	70
89	16	29
16	90	30
91	16	30
92	16	29
93	16	63
16	94	95
16	95	58
96	16	2
16	97	62
98	16	94
99	16	71
17	18	85
17	19	89
17	20	29
21	17	76
22	17	9
17	23	55
24	17	24
25	17	85
26	17	24
17	27	64
28	17	16
17	29	57
17	30	37
17	31	15
17	32	13
33	17	96
34	17	60
17	35	80
36	17	96
37	17	60
17	38	6
39	17	14
17	40	41
41	17	93
42	17	19
43	17	74
44	17	49
45	17	70
46	17	8
17	47	33
48	17	47
49	17	41
50	17	60
17	51	6
17	52	85
17	53	69
17	54	33
17	55	20
17	56	54
57	17	31
58	17	59
59	17	79
60	17	98
61	17	23
62	17	93
17	63	21
64	17	93
17	65	16
17	66	96
67	17	100
17	68	43
69	17	2
70	17	84
71	17	33
17	72	47
17	73	75
17	74	20
17	75	3
76	17	42
17	77	92
78	17	56
79	17	28
80	17	55
81	17	13
17	82	37
17	83	63
17	84	97
85	17	14
17	86	38
17	87	27
88	17	96
89	17	92
90	17	65
17	91	43
17	92	80
17	93	28
94	17	68
95	17	87
96	17	50
17	97	74
17	98	4
99	17	71
18	19	75
20	18	33
21	18	6
18	22	98
23	18	23
18	24	53
25	18	29
18	26	76
18	27	90
28	18	37
18	29	28
18	30	23
18	31	49
32	18	91
18	33	80
34	18	86
35	18	27
18	36	53
37	18	92
18	38	28
18	39	86
40	18	33
41	18	43
42	18	28
43	18	17
44	18	83
18	45	54
46	18	13
47	18	71
48	18	14
18	49	39
18	50	17
18	51	81
52	18	13
53	18	5
54	18	97
18	55	70
56	18	19
18	57	54
58	18	79
59	18	58
18	60	53
18	61	34
18	62	70
18	63	34
64	18	54
18	65	61
18	66	97
18	67	27
68	18	60
18	69	90
70	18	79
18	71	33
18	72	73
73	18	9
74	18	30
75	18	85
76	18	1
77	18	78
78	18	36
18	79	9
18	80	91
81	18	60
82	18	86
18	83	72
84	18	29
85	18	73
18	86	90
18	87	66
18	88	80
89	18	47
90	18	18
91	18	65
18	92	15
93	18	79
18	94	61
18	95	12
18	96	71
97	18	31
98	18	7
18	99	63
19	20	7
21	19	58
19	22	12
19	23	80
19	24	9
25	19	51
26	19	74
27	19	81
19	28	89
19	29	26
19	30	2
19	31	54
19	32	81
33	19	74
34	19	50
35	19	76
36	19	5
19	37	2
19	38	13
19	39	90
19	40	92
41	19	3
19	42	63
19	43	84
44	19	31
19	45	62
19	46	97
47	19	29
48	19	89
49	19	52
50	19	16
19	51	29
19	52	99
19	53	82
54	19	67
55	19	7
56	19	57
57	19	40
58	19	66
59	19	52
19	60	60
61	19	8
62	19	64
19	63	69
19	64	73
65	19	2
19	66	42
67	19	78
19	68	63
19	69	40
19	70	74
71	19	91
19	72	29
73	19	36
19	74	37
19	75	5
76	19	46
77	19	45
19	78	48
79	19	96
19	80	37
81	19	66
82	19	83
83	19	33
84	19	7
85	19	75
86	19	20
19	87	35
19	88	12
89	19	57
19	90	79
19	91	66
19	92	85
19	93	37
19	94	83
95	19	83
19	96	39
97	19	4
98	19	80
19	99	13
21	20	20
22	20	30
20	23	89
24	20	87
25	20	12
20	26	60
27	20	52
20	28	74
29	20	100
30	20	50
20	31	31
32	20	62
33	20	30
34	20	58
35	20	58
20	36	1
37	20	68
20	38	13
39	20	27
20	40	79
20	41	86
42	20	30
43	20	70
20	44	80
20	45	41
46	20	81
47	20	25
20	48	94
20	49	30
20	50	24
20	51	41
52	20	69
20	53	67
54	20	81
20	55	50
56	20	68
20	57	76
58	20	12
20	59	80
60	20	91
20	61	64
62	20	63
20	63	67
64	20	78
65	20	93
66	20	23
67	20	80
68	20	87
69	20	18
70	20	99
71	20	49
20	72	99
20	73	76
74	20	27
75	20	57
76	20	33
77	20	32
20	78	3
20	79	100
20	80	8
20	81	51
20	82	46
20	83	30
84	20	90
85	20	18
20	86	25
20	87	21
20	88	58
20	89	43
20	90	64
20	91	17
92	20	70
20	93	47
94	20	94
20	95	82
20	96	32
20	97	74
98	20	7
20	99	81
22	21	90
23	21	56
21	24	67
25	21	84
26	21	88
21	27	58
28	21	64
21	29	46
21	30	89
31	21	29
32	21	1
33	21	22
21	34	65
21	35	53
21	36	1
21	37	69
21	38	37
21	39	25
40	21	94
41	21	39
42	21	84
21	43	77
44	21	7
45	21	47
21	46	53
47	21	16
21	48	51
21	49	82
21	50	17
21	51	96
52	21	60
53	21	13
21	54	67
21	55	51
21	56	7
57	21	9
58	21	41
21	59	23
60	21	69
21	61	3
21	62	61
21	63	5
64	21	57
21	65	49
66	21	7
67	21	69
21	68	66
21	69	12
21	70	26
71	21	37
21	72	44
73	21	50
74	21	46
75	21	99
76	21	39
21	77	50
78	21	95
79	21	12
21	80	68
21	81	74
21	82	92
83	21	68
84	21	47
85	21	56
21	86	25
21	87	66
21	88	76
89	21	9
90	21	58
21	91	48
21	92	45
93	21	82
94	21	16
95	21	59
21	96	24
21	97	76
21	98	12
99	21	50
23	22	94
24	22	30
22	25	91
26	22	70
22	27	26
22	28	40
29	22	8
30	22	5
22	31	38
22	32	90
22	33	9
22	34	67
22	35	43
22	36	10
37	22	89
22	38	81
39	22	12
40	22	47
22	41	92
42	22	34
22	43	90
44	22	2
45	22	75
22	46	56
22	47	45
48	22	30
49	22	42
22	50	64
51	22	78
22	52	6
53	22	32
22	54	62
55	22	82
22	56	54
22	57	54
58	22	71
22	59	22
60	22	35
22	61	79
22	62	46
22	63	25
64	22	27
22	65	22
22	66	84
22	67	34
68	22	45
22	69	8
70	22	8
71	22	75
72	22	8
73	22	84
22	74	19
75	22	25
76	22	90
77	22	97
78	22	52
79	22	61
22	80	82
81	22	79
82	22	83
22	83	58
84	22	53
85	22	17
22	86	82
87	22	9
88	22	6
89	22	90
90	22	85
22	91	38
92	22	37
22	93	62
22	94	51
95	22	36
22	96	42
22	97	54
98	22	63
22	99	27
23	24	81
23	25	54
23	26	4
23	27	4
28	23	60
29	23	34
30	23	48
31	23	20
32	23	39
23	33	67
34	23	92
35	23	33
36	23	100
37	23	88
38	23	85
23	39	98
40	23	36
23	41	57
23	42	44
43	23	30
23	44	65
45	23	91
46	23	59
23	47	79
23	48	53
23	49	69
23	50	67
51	23	47
52	23	73
53	23	41
54	23	70
23	55	35
23	56	21
57	23	66
58	23	6
23	59	38
23	60	76
23	61	97
62	23	49
23	63	45
64	23	31
65	23	98
23	66	47
23	67	13
68	23	35
23	69	48
23	70	1
71	23	92
72	23	11
23	73	76
23	74	92
23	75	8
23	76	35
23	77	74
23	78	2
23	79	9
23	80	98
23	81	80
82	23	55
23	83	49
84	23	86
23	85	72
23	86	34
23	87	1
88	23	13
23	89	89
23	90	69
23	91	70
92	23	86
93	23	81
23	94	51
23	95	26
23	96	85
23	97	100
23	98	2
99	23	28
25	24	27
24	26	92
24	27	96
24	28	97
29	24	14
24	30	36
24	31	85
24	32	24
24	33	8
24	34	38
24	35	93
24	36	19
24	37	30
24	38	12
39	24	58
24	40	12
41	24	31
42	24	58
24	43	90
24	44	31
45	24	9
46	24	1
24	47	94
48	24	32
24	49	16
24	50	79
24	51	14
24	52	88
53	24	25
54	24	63
24	55	60
56	24	19
57	24	76
58	24	75
24	59	34
60	24	97
24	61	17
62	24	3
63	24	36
64	24	66
65	24	68
66	24	3
67	24	5
68	24	66
24	69	76
70	24	84
24	71	5
24	72	78
73	24	54
74	24	28
24	75	64
24	76	87
77	24	5
78	24	52
24	79	33
80	24	36
24	81	40
24	82	70
24	83	93
24	84	46
85	24	51
86	24	75
87	24	38
24	88	6
89	24	38
24	90	33
24	91	42
92	24	40
93	24	68
94	24	76
24	95	68
96	24	2
24	97	91
24	98	78
24	99	14
25	26	99
25	27	76
25	28	21
25	29	4
25	30	8
25	31	57
25	32	97
33	25	52
34	25	98
25	35	34
25	36	98
37	25	17
25	38	70
25	39	100
25	40	22
25	41	81
42	25	18
25	43	7
25	44	22
25	45	35
46	25	53
25	47	61
25	48	94
49	25	81
25	50	65
25	51	92
52	25	28
53	25	90
25	54	75
55	25	41
25	56	54
25	57	59
58	25	92
25	59	38
60	25	46
25	61	78
25	62	70
63	25	98
25	64	1
65	25	15
66	25	52
67	25	6
68	25	89
69	25	31
70	25	37
25	71	86
72	25	56
25	73	33
25	74	74
75	25	37
76	25	70
25	77	68
25	78	32
79	25	82
80	25	71
81	25	46
82	25	42
25	83	47
84	25	65
25	85	26
86	25	79
25	87	74
25	88	11
89	25	80
90	25	85
91	25	82
25	92	55
93	25	68
25	94	11
25	95	28
25	96	96
25	97	44
25	98	65
25	99	34
27	26	55
26	28	6
29	26	83
30	26	52
26	31	11
32	26	38
33	26	20
26	34	65
35	26	15
26	36	68
37	26	30
38	26	27
39	26	27
26	40	62
26	41	33
42	26	38
26	43	66
26	44	15
26	45	12
26	46	39
26	47	50
26	48	14
26	49	12
26	50	100
26	51	48
26	52	29
26	53	57
26	54	50
55	26	59
56	26	1
26	57	48
58	26	47
26	59	92
60	26	87
26	61	98
26	62	5
26	63	11
64	26	84
26	65	18
66	26	87
67	26	23
68	26	80
26	69	81
26	70	17
71	26	82
72	26	52
73	26	99
26	74	42
26	75	76
76	26	78
26	77	23
26	78	70
79	26	22
26	80	65
26	81	35
82	26	24
83	26	94
26	84	66
26	85	78
86	26	66
26	87	81
26	88	39
89	26	75
26	90	3
91	26	94
26	92	6
93	26	83
94	26	45
26	95	37
26	96	90
97	26	60
26	98	7
26	99	64
27	28	36
29	27	91
27	30	29
31	27	9
27	32	77
27	33	92
27	34	9
27	35	13
36	27	86
37	27	36
27	38	64
27	39	99
27	40	37
41	27	76
27	42	30
27	43	64
27	44	98
27	45	55
27	46	95
27	47	14
48	27	84
49	27	44
50	27	43
27	51	35
52	27	38
27	53	53
27	54	96
27	55	88
56	27	9
27	57	100
27	58	33
59	27	45
27	60	11
27	61	81
62	27	93
27	63	63
64	27	57
65	27	27
66	27	65
67	27	96
27	68	24
27	69	18
70	27	6
27	71	42
27	72	97
73	27	85
74	27	31
27	75	67
76	27	62
27	77	48
27	78	17
79	27	91
27	80	92
27	81	20
27	82	12
27	83	82
84	27	79
85	27	2
27	86	2
87	27	16
27	88	56
89	27	89
90	27	54
91	27	11
92	27	66
27	93	18
94	27	3
95	27	24
96	27	79
97	27	14
27	98	8
99	27	49
29	28	27
30	28	87
28	31	3
28	32	61
33	28	77
34	28	75
28	35	49
28	36	13
28	37	41
28	38	28
39	28	100
40	28	66
28	41	51
28	42	59
43	28	97
44	28	80
45	28	6
28	46	28
28	47	71
28	48	25
28	49	83
28	50	98
51	28	56
28	52	73
53	28	44
54	28	12
28	55	5
56	28	89
57	28	99
58	28	23
28	59	12
28	60	33
61	28	80
28	62	33
63	28	90
28	64	91
65	28	78
66	28	21
28	67	78
68	28	84
28	69	4
70	28	13
28	71	36
72	28	82
28	73	44
74	28	12
28	75	21
28	76	4
77	28	75
78	28	84
79	28	63
28	80	8
81	28	40
28	82	36
83	28	76
84	28	15
85	28	70
28	86	49
28	87	5
88	28	9
89	28	2
90	28	55
91	28	56
92	28	7
28	93	14
94	28	93
95	28	57
96	28	13
28	97	100
28	98	25
28	99	88
29	30	32
31	29	67
32	29	61
29	33	46
34	29	64
29	35	27
29	36	93
37	29	86
29	38	2
39	29	61
29	40	26
41	29	98
29	42	44
43	29	73
44	29	35
29	45	19
46	29	53
47	29	83
29	48	67
49	29	98
29	50	88
51	29	8
29	52	2
29	53	28
29	54	7
29	55	14
56	29	51
57	29	51
58	29	1
59	29	70
60	29	49
61	29	89
29	62	75
63	29	61
29	64	13
65	29	68
29	66	94
29	67	49
68	29	76
69	29	35
29	70	26
71	29	21
29	72	94
73	29	85
74	29	30
75	29	62
76	29	22
29	77	32
78	29	48
79	29	8
80	29	72
81	29	71
82	29	50
83	29	33
29	84	87
29	85	87
29	86	34
87	29	8
29	88	31
89	29	43
90	29	78
29	91	20
29	92	18
29	93	99
29	94	39
95	29	99
29	96	85
97	29	67
98	29	71
29	99	62
30	31	66
32	30	48
33	30	29
34	30	58
35	30	36
30	36	90
30	37	17
38	30	88
30	39	87
30	40	34
30	41	87
30	42	48
43	30	56
44	30	34
30	45	4
46	30	59
47	30	28
48	30	71
30	49	59
30	50	11
51	30	72
30	52	31
53	30	56
54	30	80
55	30	88
56	30	8
30	57	52
58	30	44
59	30	5
30	60	68
61	30	84
62	30	13
63	30	91
30	64	13
65	30	34
30	66	97
30	67	79
30	68	38
30	69	41
30	70	27
30	71	12
72	30	23
73	30	35
30	74	25
75	30	53
30	76	90
30	77	49
30	78	5
79	30	35
80	30	23
81	30	58
30	82	16
83	30	92
84	30	34
30	85	32
86	30	76
30	87	71
30	88	51
89	30	8
90	30	9
91	30	80
30	92	49
93	30	4
30	94	19
30	95	47
30	96	94
97	30	70
98	30	38
30	99	28
31	32	78
31	33	62
31	34	58
35	31	10
36	31	34
37	31	23
31	38	8
31	39	9
40	31	27
31	41	66
42	31	81
31	43	81
44	31	91
31	45	76
46	31	70
31	47	49
31	48	60
49	31	89
31	50	32
51	31	42
52	31	95
53	31	41
31	54	21
31	55	96
56	31	79
57	31	91
58	31	59
31	59	17
31	60	95
61	31	63
31	62	100
63	31	35
31	64	80
31	65	89
66	31	21
67	31	89
31	68	75
69	31	19
31	70	15
31	71	82
31	72	65
73	31	58
31	74	36
31	75	70
31	76	67
31	77	27
78	31	98
31	79	84
80	31	45
31	81	100
31	82	45
83	31	75
84	31	26
31	85	22
31	86	89
87	31	15
88	31	55
31	89	25
31	90	46
31	91	19
31	92	92
31	93	83
94	31	51
95	31	60
96	31	10
97	31	53
31	98	94
31	99	81
33	32	29
34	32	59
32	35	14
32	36	38
37	32	40
32	38	49
39	32	49
32	40	94
41	32	48
32	42	98
32	43	75
44	32	48
45	32	81
32	46	19
32	47	35
48	32	100
49	32	27
50	32	24
51	32	73
32	52	10
32	53	28
32	54	39
55	32	59
32	56	63
32	57	5
32	58	66
59	32	77
32	60	43
32	61	86
32	62	70
63	32	14
64	32	86
65	32	90
32	66	88
67	32	56
32	68	26
69	32	84
32	70	47
71	32	28
32	72	80
32	73	72
74	32	6
32	75	94
76	32	35
77	32	80
78	32	24
32	79	29
80	32	78
32	81	94
82	32	54
32	83	12
84	32	68
32	85	37
32	86	52
87	32	75
88	32	86
32	89	58
32	90	14
32	91	39
32	92	67
93	32	18
32	94	77
32	95	92
32	96	91
97	32	53
32	98	13
99	32	38
33	34	1
35	33	18
33	36	49
33	37	55
38	33	14
33	39	84
40	33	45
33	41	95
42	33	19
33	43	19
33	44	79
45	33	79
33	46	65
33	47	27
33	48	60
33	49	31
33	50	87
51	33	20
33	52	68
33	53	70
54	33	55
55	33	84
56	33	73
33	57	56
33	58	98
33	59	9
33	60	29
33	61	62
33	62	85
33	63	58
64	33	50
33	65	76
33	66	37
33	67	52
33	68	2
33	69	67
33	70	42
33	71	72
72	33	42
73	33	33
33	74	54
33	75	92
76	33	30
77	33	42
33	78	76
79	33	38
80	33	22
81	33	33
82	33	41
83	33	96
84	33	48
33	85	51
33	86	32
87	33	89
88	33	55
33	89	90
90	33	74
33	91	51
92	33	70
33	93	96
33	94	48
33	95	18
33	96	16
97	33	65
33	98	80
33	99	55
35	34	74
34	36	11
37	34	5
34	38	97
34	39	94
40	34	13
34	41	66
42	34	20
43	34	83
34	44	6
45	34	57
34	46	75
34	47	61
48	34	43
34	49	84
34	50	49
34	51	35
34	52	62
34	53	39
34	54	23
55	34	6
34	56	85
57	34	48
58	34	92
34	59	96
60	34	99
34	61	88
62	34	19
34	63	97
64	34	85
34	65	87
66	34	88
67	34	90
34	68	89
34	69	75
70	34	25
71	34	31
34	72	22
34	73	31
74	34	48
75	34	93
76	34	55
77	34	14
34	78	95
79	34	64
34	80	28
81	34	82
82	34	15
83	34	61
34	84	41
85	34	93
86	34	4
87	34	48
34	88	6
89	34	15
90	34	72
91	34	56
92	34	71
34	93	77
34	94	54
95	34	52
34	96	97
34	97	66
98	34	33
99	34	89
35	36	41
35	37	15
38	35	98
39	35	95
40	35	29
35	41	3
35	42	10
35	43	1
35	44	40
35	45	48
35	46	60
47	35	23
35	48	9
35	49	75
50	35	22
51	35	79
52	35	26
53	35	74
54	35	62
35	55	32
56	35	60
57	35	21
35	58	55
59	35	86
35	60	47
61	35	78
35	62	91
35	63	38
35	64	45
35	65	97
35	66	32
67	35	31
68	35	8
35	69	19
70	35	30
71	35	90
35	72	53
35	73	12
35	74	100
75	35	38
76	35	13
77	35	87
35	78	79
79	35	67
35	80	53
81	35	21
35	82	58
35	83	24
84	35	57
35	85	22
35	86	31
35	87	87
88	35	77
89	35	16
90	35	61
91	35	40
35	92	60
93	35	84
94	35	75
95	35	85
96	35	20
97	35	39
35	98	47
35	99	1
36	37	26
36	38	41
36	39	47
36	40	90
41	36	27
36	42	100
43	36	100
44	36	84
45	36	55
36	46	90
36	47	61
36	48	59
49	36	77
50	36	19
51	36	99
52	36	56
36	53	35
54	36	5
36	55	57
36	56	4
57	36	94
58	36	33
36	59	38
36	60	92
61	36	9
62	36	20
36	63	84
64	36	28
65	36	99
66	36	66
67	36	36
68	36	29
69	36	30
70	36	98
36	71	44
72	36	45
73	36	34
36	74	21
75	36	52
76	36	7
77	36	50
36	78	75
36	79	60
80	36	99
81	36	81
36	82	44
83	36	45
36	84	52
85	36	63
36	86	18
36	87	23
88	36	47
89	36	6
36	90	80
36	91	86
92	36	73
93	36	59
94	36	31
36	95	44
36	96	68
97	36	38
98	36	92
99	36	78
37	38	6
37	39	89
40	37	66
41	37	57
37	42	35
37	43	7
37	44	40
37	45	51
46	37	96
37	47	45
37	48	88
37	49	70
37	50	28
37	51	12
37	52	53
37	53	20
37	54	75
37	55	42
37	56	23
37	57	52
37	58	52
59	37	50
37	60	13
37	61	65
62	37	95
37	63	74
37	64	64
65	37	17
66	37	76
37	67	44
37	68	82
37	69	72
37	70	69
71	37	70
37	72	16
37	73	65
37	74	46
75	37	94
76	37	100
77	37	20
37	78	26
37	79	16
37	80	6
37	81	89
82	37	17
83	37	3
84	37	46
85	37	9
37	86	9
37	87	8
37	88	70
37	89	10
37	90	56
37	91	17
37	92	64
93	37	60
94	37	95
37	95	81
37	96	90
37	97	9
98	37	96
37	99	69
38	39	72
40	38	84
41	38	80
38	42	42
38	43	18
38	44	22
45	38	100
38	46	22
47	38	23
48	38	5
49	38	90
50	38	81
38	51	97
38	52	95
53	38	10
38	54	97
55	38	3
38	56	46
57	38	90
58	38	56
38	59	40
38	60	36
61	38	98
38	62	9
38	63	8
64	38	9
38	65	92
66	38	76
67	38	44
38	68	31
69	38	72
70	38	54
71	38	81
72	38	29
38	73	18
38	74	33
75	38	98
38	76	51
77	38	57
78	38	72
79	38	43
80	38	9
81	38	2
82	38	46
38	83	93
38	84	35
38	85	56
86	38	91
38	87	11
38	88	64
38	89	75
90	38	55
38	91	8
92	38	42
38	93	91
38	94	46
95	38	2
38	96	13
97	38	27
38	98	20
99	38	19
40	39	67
39	41	21
42	39	83
39	43	39
44	39	15
45	39	52
39	46	10
47	39	81
48	39	20
49	39	43
50	39	3
39	51	69
52	39	92
53	39	64
39	54	55
39	55	54
39	56	97
57	39	2
58	39	28
39	59	7
39	60	16
61	39	75
62	39	32
63	39	48
39	64	48
65	39	77
39	66	97
67	39	47
39	68	93
39	69	94
39	70	37
71	39	75
39	72	44
39	73	58
74	39	59
75	39	84
76	39	42
77	39	64
39	78	1
39	79	83
80	39	37
39	81	24
39	82	28
39	83	57
39	84	70
39	85	64
86	39	85
87	39	99
88	39	13
89	39	68
39	90	37
39	91	72
39	92	12
93	39	19
94	39	84
39	95	22
96	39	51
97	39	42
39	98	82
39	99	20
41	40	95
40	42	7
40	43	54
44	40	96
40	45	96
40	46	7
40	47	99
48	40	69
49	40	66
50	40	65
40	51	3
40	52	52
40	53	15
40	54	67
40	55	70
56	40	43
40	57	87
58	40	4
40	59	44
40	60	45
40	61	18
62	40	79
40	63	90
40	64	59
65	40	90
40	66	53
67	40	74
68	40	59
69	40	49
40	70	38
71	40	32
72	40	44
73	40	89
40	74	66
40	75	28
40	76	25
77	40	98
40	78	25
40	79	70
40	80	26
40	81	99
40	82	44
40	83	44
40	84	59
85	40	76
40	86	45
40	87	38
40	88	71
89	40	40
40	90	82
91	40	3
92	40	68
40	93	58
40	94	57
40	95	46
40	96	75
40	97	5
98	40	51
40	99	95
42	41	79
43	41	19
44	41	87
45	41	96
46	41	21
41	47	70
48	41	89
49	41	14
41	50	8
51	41	62
41	52	39
53	41	53
54	41	27
55	41	81
56	41	47
57	41	83
41	58	10
59	41	49
41	60	97
41	61	88
41	62	64
63	41	51
41	64	10
41	65	2
66	41	8
67	41	84
41	68	37
69	41	46
41	70	31
71	41	9
41	72	33
73	41	7
41	74	66
75	41	77
76	41	83
41	77	73
41	78	29
41	79	22
41	80	18
81	41	69
41	82	11
83	41	80
84	41	13
85	41	47
41	86	59
87	41	73
41	88	73
41	89	13
41	90	67
91	41	70
92	41	67
41	93	27
94	41	91
95	41	1
96	41	86
41	97	14
41	98	96
99	41	57
42	43	12
44	42	77
42	45	54
46	42	73
42	47	73
42	48	33
42	49	63
42	50	80
42	51	54
42	52	44
53	42	94
54	42	52
42	55	45
42	56	45
42	57	99
42	58	12
42	59	48
42	60	97
61	42	87
42	62	25
42	63	74
64	42	58
42	65	55
66	42	84
67	42	35
68	42	75
42	69	32
70	42	94
71	42	64
42	72	7
42	73	30
74	42	39
42	75	88
42	76	12
42	77	13
78	42	31
42	79	1
80	42	34
81	42	12
42	82	90
83	42	98
42	84	36
42	85	49
42	86	62
42	87	48
88	42	29
42	89	64
90	42	63
42	91	47
92	42	35
42	93	87
42	94	83
42	95	23
42	96	9
42	97	61
98	42	73
99	42	86
43	44	38
45	43	79
46	43	91
47	43	15
43	48	53
49	43	64
43	50	7
51	43	68
43	52	2
43	53	24
54	43	2
55	43	33
43	56	65
57	43	11
43	58	81
43	59	17
60	43	62
61	43	10
43	62	7
43	63	61
43	64	73
65	43	93
43	66	75
43	67	50
68	43	36
43	69	47
70	43	77
71	43	43
72	43	22
43	73	67
74	43	99
43	75	39
76	43	65
43	77	100
43	78	10
43	79	68
43	80	83
81	43	15
82	43	41
83	43	28
84	43	52
43	85	79
86	43	98
43	87	67
88	43	47
43	89	57
90	43	95
43	91	50
92	43	50
43	93	100
43	94	35
95	43	35
96	43	31
43	97	36
43	98	1
43	99	34
44	45	29
46	44	31
47	44	33
44	48	46
49	44	18
44	50	15
51	44	56
44	52	18
44	53	95
54	44	42
55	44	61
56	44	98
44	57	33
44	58	31
44	59	30
60	44	13
44	61	45
44	62	18
44	63	23
64	44	61
65	44	35
66	44	74
67	44	22
68	44	38
44	69	7
70	44	24
44	71	82
44	72	43
44	73	80
74	44	67
44	75	98
44	76	77
44	77	21
44	78	51
44	79	97
44	80	28
81	44	85
82	44	79
83	44	54
84	44	48
85	44	10
44	86	98
44	87	10
88	44	37
44	89	36
90	44	52
91	44	68
44	92	2
44	93	83
94	44	20
95	44	69
96	44	87
97	44	50
44	98	13
99	44	84
45	46	24
47	45	26
45	48	63
45	49	12
45	50	76
45	51	75
52	45	91
45	53	100
54	45	66
45	55	5
45	56	26
45	57	11
45	58	10
45	59	42
60	45	53
45	61	72
45	62	92
45	63	42
64	45	40
45	65	15
45	66	5
67	45	24
45	68	45
45	69	25
70	45	47
71	45	79
72	45	83
73	45	88
74	45	39
75	45	76
45	76	88
45	77	51
45	78	24
45	79	82
80	45	75
81	45	10
45	82	78
45	83	94
45	84	76
85	45	13
86	45	14
45	87	20
88	45	57
89	45	1
90	45	60
91	45	74
92	45	2
93	45	30
94	45	50
95	45	8
45	96	48
97	45	55
98	45	7
45	99	92
46	47	75
48	46	11
49	46	37
50	46	67
46	51	77
46	52	53
46	53	31
54	46	32
46	55	5
46	56	30
46	57	54
58	46	64
46	59	32
46	60	50
61	46	49
46	62	85
46	63	82
64	46	15
65	46	15
46	66	91
46	67	24
68	46	21
46	69	68
70	46	64
71	46	13
72	46	23
73	46	23
46	74	72
46	75	50
46	76	70
77	46	98
78	46	72
46	79	35
46	80	76
46	81	95
82	46	95
46	83	87
46	84	30
85	46	98
86	46	34
46	87	69
88	46	69
89	46	3
90	46	75
91	46	52
92	46	69
46	93	38
46	94	93
95	46	96
46	96	64
46	97	92
98	46	22
46	99	47
48	47	50
49	47	80
50	47	97
47	51	36
47	52	53
53	47	18
47	54	45
55	47	81
47	56	88
47	57	27
47	58	26
47	59	74
60	47	78
61	47	13
62	47	90
63	47	72
64	47	40
65	47	93
47	66	99
47	67	44
47	68	24
69	47	26
47	70	40
71	47	57
72	47	56
73	47	84
47	74	30
75	47	40
76	47	87
47	77	41
78	47	100
47	79	62
47	80	20
81	47	23
47	82	20
83	47	17
84	47	95
47	85	7
47	86	24
47	87	95
88	47	28
47	89	20
47	90	80
47	91	11
47	92	51
93	47	24
94	47	33
95	47	42
96	47	32
97	47	54
98	47	75
47	99	90
48	49	23
50	48	84
48	51	26
48	52	25
53	48	93
54	48	11
55	48	39
48	56	20
48	57	83
58	48	27
59	48	61
60	48	80
61	48	23
48	62	50
63	48	82
48	64	29
48	65	1
66	48	39
67	48	20
48	68	50
48	69	36
48	70	64
71	48	94
72	48	53
73	48	66
74	48	59
48	75	16
48	76	79
48	77	40
48	78	44
79	48	41
48	80	90
48	81	6
82	48	7
48	83	87
48	84	2
48	85	18
48	86	28
87	48	28
48	88	81
89	48	66
48	90	85
91	48	91
92	48	26
48	93	75
48	94	27
48	95	63
48	96	72
48	97	27
98	48	93
99	48	26
50	49	87
49	51	43
52	49	60
53	49	61
49	54	71
55	49	3
49	56	22
49	57	82
58	49	48
49	59	94
60	49	72
61	49	78
62	49	97
63	49	81
49	64	61
65	49	88
66	49	16
49	67	29
68	49	34
49	69	43
70	49	55
49	71	51
72	49	52
73	49	23
74	49	68
75	49	48
49	76	80
77	49	74
78	49	10
49	79	38
80	49	21
81	49	17
82	49	22
49	83	10
84	49	2
85	49	5
86	49	98
87	49	82
88	49	17
89	49	91
49	90	57
91	49	77
49	92	8
49	93	98
49	94	88
95	49	100
49	96	82
49	97	15
98	49	9
99	49	44
50	51	77
52	50	21
50	53	5
50	54	62
55	50	70
50	56	76
57	50	54
58	50	74
59	50	17
50	60	60
61	50	34
50	62	4
50	63	43
64	50	86
50	65	50
50	66	83
50	67	29
50	68	17
69	50	94
50	70	31
71	50	57
50	72	16
73	50	90
74	50	32
50	75	67
76	50	76
77	50	65
50	78	56
50	79	76
80	50	100
81	50	32
50	82	41
50	83	62
84	50	69
85	50	57
50	86	31
87	50	49
50	88	12
89	50	40
90	50	73
91	50	33
50	92	64
93	50	62
94	50	6
50	95	84
96	50	5
50	97	12
50	98	3
99	50	41
51	52	17
51	53	47
51	54	18
55	51	53
51	56	49
51	57	11
51	58	93
51	59	57
60	51	56
61	51	28
62	51	15
63	51	85
51	64	90
51	65	12
51	66	22
51	67	44
51	68	93
69	51	97
70	51	62
51	71	4
51	72	47
73	51	29
51	74	58
51	75	76
51	76	63
77	51	76
78	51	29
51	79	71
51	80	97
51	81	61
82	51	98
51	83	18
51	84	62
51	85	41
86	51	87
51	87	86
88	51	93
89	51	63
51	90	15
91	51	3
92	51	47
51	93	75
94	51	82
95	51	89
96	51	50
51	97	58
51	98	78
51	99	99
52	53	29
54	52	38
55	52	3
56	52	84
52	57	46
58	52	39
52	59	95
60	52	50
52	61	96
62	52	49
63	52	67
64	52	69
52	65	66
52	66	91
52	67	93
52	68	97
69	52	4
70	52	87
52	71	18
52	72	43
73	52	5
52	74	99
75	52	46
52	76	16
77	52	57
52	78	24
52	79	6
80	52	2
52	81	24
52	82	22
52	83	93
84	52	24
52	85	14
86	52	88
52	87	38
88	52	44
52	89	53
90	52	24
91	52	77
52	92	76
52	93	72
94	52	52
52	95	21
52	96	8
97	52	33
52	98	79
99	52	94
53	54	2
53	55	31
56	53	58
53	57	71
53	58	44
53	59	52
60	53	51
53	61	58
53	62	28
63	53	57
64	53	96
65	53	41
66	53	10
53	67	75
53	68	68
69	53	39
70	53	66
53	71	84
72	53	86
73	53	64
74	53	40
75	53	95
76	53	25
77	53	57
53	78	61
53	79	63
80	53	51
53	81	68
53	82	62
83	53	2
53	84	8
85	53	7
86	53	7
87	53	26
53	88	54
89	53	75
90	53	81
53	91	23
53	92	95
53	93	79
53	94	24
53	95	88
96	53	35
97	53	49
53	98	68
99	53	47
54	55	71
56	54	80
57	54	29
54	58	38
54	59	30
60	54	79
54	61	33
62	54	16
63	54	57
54	64	5
54	65	33
66	54	8
54	67	4
54	68	87
54	69	3
70	54	57
54	71	12
72	54	54
54	73	74
74	54	5
54	75	7
54	76	68
54	77	83
54	78	18
54	79	19
54	80	29
54	81	75
54	82	53
83	54	81
54	84	32
54	85	33
86	54	97
54	87	16
88	54	36
89	54	1
54	90	45
91	54	78
54	92	60
54	93	18
54	94	78
54	95	46
54	96	55
97	54	40
98	54	76
99	54	1
56	55	1
57	55	5
55	58	96
55	59	65
60	55	21
61	55	18
55	62	21
55	63	73
55	64	63
55	65	81
66	55	20
67	55	54
55	68	16
69	55	5
70	55	89
71	55	38
72	55	68
55	73	100
55	74	37
55	75	72
55	76	55
55	77	91
78	55	4
55	79	87
80	55	56
55	81	27
55	82	19
55	83	30
84	55	62
55	85	51
55	86	38
55	87	56
88	55	8
55	89	82
55	90	6
55	91	20
55	92	46
93	55	76
55	94	86
55	95	35
55	96	81
55	97	75
98	55	29
55	99	82
56	57	8
56	58	90
56	59	32
56	60	65
61	56	72
62	56	65
63	56	22
56	64	77
56	65	69
66	56	26
56	67	44
56	68	5
69	56	89
56	70	96
56	71	31
56	72	95
73	56	37
56	74	85
75	56	26
56	76	46
77	56	47
78	56	18
79	56	49
56	80	77
81	56	63
56	82	98
56	83	15
84	56	43
56	85	44
86	56	70
56	87	26
56	88	21
89	56	65
56	90	31
91	56	17
92	56	92
56	93	36
56	94	64
95	56	93
56	96	19
56	97	75
98	56	23
99	56	97
58	57	44
57	59	25
57	60	66
61	57	19
62	57	99
57	63	18
57	64	83
65	57	46
66	57	42
57	67	26
68	57	63
69	57	42
57	70	79
57	71	59
72	57	30
57	73	20
57	74	3
57	75	58
76	57	73
77	57	43
78	57	71
57	79	99
57	80	76
81	57	76
57	82	1
57	83	23
57	84	2
57	85	37
86	57	100
57	87	19
88	57	13
57	89	90
90	57	7
91	57	99
92	57	44
93	57	6
57	94	14
95	57	64
57	96	72
57	97	60
98	57	82
57	99	64
58	59	75
60	58	12
61	58	48
58	62	78
58	63	32
58	64	83
65	58	20
66	58	94
67	58	60
58	68	91
69	58	14
70	58	19
71	58	59
58	72	43
73	58	40
58	74	43
75	58	82
58	76	59
77	58	62
78	58	78
79	58	52
80	58	87
58	81	99
82	58	90
58	83	43
58	84	29
58	85	62
86	58	95
87	58	64
58	88	68
58	89	56
90	58	55
58	91	10
58	92	39
93	58	82
94	58	92
58	95	51
96	58	78
58	97	57
58	98	35
99	58	79
60	59	67
61	59	73
62	59	51
59	63	42
59	64	47
59	65	87
66	59	71
59	67	85
68	59	47
59	69	95
59	70	17
59	71	80
72	59	13
59	73	45
59	74	52
75	59	77
59	76	8
77	59	69
78	59	83
59	79	27
59	80	67
59	81	57
59	82	66
59	83	30
84	59	85
59	85	26
59	86	25
59	87	19
88	59	81
59	89	8
59	90	71
91	59	47
92	59	47
59	93	79
94	59	85
59	95	64
59	96	23
97	59	45
59	98	31
99	59	53
60	61	100
60	62	97
63	60	90
60	64	58
65	60	96
66	60	71
67	60	76
60	68	64
60	69	10
60	70	77
71	60	96
60	72	14
60	73	89
60	74	69
60	75	38
76	60	1
77	60	92
60	78	4
60	79	97
80	60	92
60	81	37
60	82	59
83	60	97
60	84	84
60	85	58
60	86	81
87	60	63
60	88	21
60	89	28
90	60	45
60	91	48
92	60	40
93	60	39
94	60	49
95	60	11
60	96	1
60	97	59
60	98	25
60	99	62
61	62	60
63	61	88
61	64	36
65	61	22
61	66	96
61	67	61
61	68	72
61	69	49
70	61	22
71	61	84
72	61	48
73	61	48
61	74	43
75	61	53
61	76	27
61	77	85
78	61	76
61	79	8
61	80	35
61	81	23
61	82	66
61	83	29
61	84	16
85	61	24
61	86	30
61	87	63
88	61	70
89	61	82
61	90	73
91	61	27
92	61	57
61	93	18
94	61	55
95	61	73
96	61	11
61	97	9
98	61	34
61	99	44
63	62	5
62	64	24
65	62	34
62	66	6
67	62	6
62	68	78
69	62	31
62	70	35
71	62	56
72	62	11
62	73	53
62	74	54
62	75	13
76	62	88
77	62	98
78	62	16
79	62	10
80	62	68
81	62	45
62	82	52
62	83	98
84	62	65
85	62	95
86	62	55
87	62	73
62	88	92
62	89	43
62	90	14
62	91	41
92	62	61
62	93	6
94	62	65
95	62	38
62	96	55
97	62	8
98	62	45
62	99	97
64	63	75
65	63	36
63	66	56
67	63	82
68	63	95
69	63	42
70	63	72
63	71	27
63	72	73
63	73	74
63	74	17
63	75	79
76	63	96
77	63	79
63	78	8
79	63	11
63	80	11
63	81	74
82	63	100
83	63	42
63	84	40
63	85	56
63	86	11
87	63	16
88	63	7
89	63	10
63	90	17
91	63	1
63	92	83
63	93	56
94	63	42
95	63	26
96	63	19
97	63	59
98	63	86
63	99	9
65	64	29
66	64	76
67	64	49
64	68	68
64	69	88
64	70	68
64	71	58
64	72	66
64	73	65
64	74	60
64	75	9
76	64	66
77	64	28
78	64	34
64	79	82
80	64	28
81	64	90
64	82	92
64	83	75
64	84	98
64	85	29
86	64	34
87	64	91
88	64	87
89	64	82
64	90	58
64	91	85
64	92	73
93	64	15
64	94	50
95	64	29
64	96	28
97	64	45
64	98	89
64	99	22
65	66	41
65	67	28
65	68	10
69	65	28
70	65	45
65	71	37
72	65	86
65	73	83
65	74	67
65	75	16
76	65	23
77	65	20
78	65	59
65	79	46
80	65	57
65	81	70
82	65	64
65	83	40
65	84	12
65	85	44
86	65	15
87	65	69
65	88	99
65	89	77
65	90	62
65	91	57
92	65	52
93	65	57
94	65	96
65	95	84
96	65	55
65	97	46
65	98	94
65	99	17
67	66	48
68	66	17
69	66	50
66	70	86
66	71	27
66	72	11
73	66	26
74	66	31
66	75	6
66	76	66
77	66	19
78	66	53
66	79	91
66	80	5
81	66	34
82	66	73
83	66	6
84	66	100
66	85	67
66	86	5
87	66	30
66	88	71
89	66	29
66	90	31
91	66	86
92	66	100
93	66	66
66	94	60
66	95	14
66	96	90
66	97	19
66	98	63
66	99	48
67	68	49
69	67	74
70	67	22
67	71	86
67	72	53
67	73	34
74	67	21
75	67	3
76	67	6
77	67	91
67	78	93
67	79	68
80	67	76
67	81	40
82	67	50
67	83	60
84	67	78
85	67	85
86	67	53
87	67	75
67	88	34
67	89	53
90	67	43
91	67	34
92	67	29
67	93	15
67	94	94
95	67	44
67	96	38
97	67	24
98	67	6
99	67	68
68	69	44
70	68	45
71	68	31
72	68	72
68	73	16
74	68	97
75	68	22
68	76	84
77	68	21
68	78	85
79	68	27
80	68	70
81	68	58
82	68	25
68	83	53
84	68	68
68	85	98
68	86	43
68	87	20
68	88	27
68	89	19
68	90	95
91	68	63
68	92	27
68	93	74
94	68	18
95	68	83
68	96	27
68	97	25
98	68	20
68	99	70
70	69	11
69	71	21
69	72	10
73	69	8
69	74	96
69	75	60
69	76	93
69	77	98
69	78	7
69	79	62
69	80	71
69	81	52
69	82	44
83	69	8
84	69	47
69	85	89
69	86	52
69	87	17
69	88	3
69	89	20
90	69	49
91	69	58
92	69	59
69	93	13
94	69	50
95	69	4
69	96	78
97	69	61
98	69	47
99	69	31
71	70	4
70	72	39
70	73	10
70	74	32
75	70	87
70	76	84
70	77	38
70	78	95
79	70	51
80	70	65
70	81	19
70	82	75
83	70	50
84	70	42
70	85	79
70	86	2
70	87	36
88	70	17
70	89	15
70	90	83
91	70	61
70	92	72
70	93	73
94	70	98
70	95	93
70	96	75
70	97	74
98	70	78
70	99	22
72	71	74
73	71	90
74	71	90
71	75	48
76	71	90
71	77	40
71	78	30
71	79	14
71	80	1
71	81	50
71	82	6
83	71	6
71	84	3
85	71	16
71	86	8
71	87	81
71	88	79
71	89	61
90	71	26
71	91	5
92	71	27
93	71	46
94	71	16
95	71	39
71	96	40
71	97	68
98	71	71
99	71	57
72	73	20
72	74	55
72	75	28
72	76	79
72	77	36
78	72	82
79	72	47
72	80	4
81	72	17
72	82	5
72	83	99
72	84	28
72	85	42
86	72	53
72	87	68
72	88	44
89	72	77
72	90	51
72	91	6
92	72	22
93	72	13
94	72	84
72	95	23
96	72	42
97	72	94
98	72	56
99	72	62
73	74	20
75	73	23
73	76	73
77	73	91
73	78	55
79	73	76
73	80	41
73	81	84
73	82	65
73	83	41
84	73	51
85	73	1
86	73	64
73	87	13
88	73	89
89	73	18
73	90	61
73	91	27
92	73	2
73	93	67
94	73	56
95	73	77
96	73	59
73	97	49
73	98	23
73	99	10
74	75	76
76	74	43
77	74	82
74	78	54
74	79	41
74	80	40
74	81	83
74	82	99
83	74	96
84	74	51
74	85	38
74	86	31
87	74	61
88	74	72
74	89	64
74	90	20
74	91	23
92	74	61
74	93	36
94	74	91
95	74	69
96	74	72
97	74	37
98	74	88
99	74	58
75	76	39
77	75	81
78	75	52
79	75	1
80	75	12
81	75	61
75	82	37
75	83	36
75	84	91
75	85	39
86	75	63
87	75	17
88	75	96
89	75	1
75	90	84
75	91	50
75	92	66
93	75	99
94	75	93
75	95	98
96	75	52
97	75	83
98	75	45
75	99	100
76	77	58
76	78	71
76	79	17
76	80	100
76	81	40
76	82	11
76	83	93
84	76	51
85	76	73
76	86	36
87	76	75
76	88	83
76	89	71
90	76	12
76	91	38
76	92	64
76	93	18
76	94	67
76	95	73
76	96	89
76	97	10
98	76	42
99	76	36
77	78	14
77	79	57
80	77	78
77	81	98
77	82	56
83	77	49
77	84	95
85	77	63
86	77	53
77	87	98
88	77	66
89	77	57
90	77	99
91	77	35
92	77	32
93	77	54
77	94	47
77	95	33
77	96	49
77	97	8
77	98	39
99	77	36
78	79	8
80	78	61
81	78	32
78	82	93
78	83	3
84	78	20
85	78	12
86	78	96
78	87	2
88	78	84
78	89	8
90	78	71
78	91	59
78	92	70
78	93	28
94	78	54
95	78	33
96	78	28
78	97	87
78	98	41
78	99	29
79	80	93
79	81	97
82	79	68
83	79	77
84	79	55
79	85	50
79	86	38
87	79	27
88	79	37
79	89	17
79	90	44
79	91	49
92	79	30
93	79	81
94	79	63
79	95	95
96	79	4
79	97	95
79	98	27
99	79	4
81	80	100
82	80	84
80	83	98
80	84	37
80	85	25
86	80	53
87	80	93
88	80	87
89	80	67
80	90	77
80	91	28
92	80	44
80	93	3
80	94	46
80	95	84
80	96	15
80	97	89
80	98	30
99	80	53
82	81	88
81	83	9
84	81	87
85	81	6
81	86	22
87	81	13
88	81	22
89	81	29
81	90	99
91	81	77
81	92	100
81	93	86
81	94	69
81	95	32
96	81	35
97	81	10
81	98	86
99	81	67
83	82	63
84	82	51
82	85	81
82	86	16
87	82	71
82	88	83
82	89	10
90	82	50
82	91	50
82	92	59
82	93	49
94	82	22
95	82	65
96	82	25
97	82	94
82	98	88
82	99	39
83	84	24
83	85	48
86	83	78
83	87	3
88	83	38
83	89	18
83	90	52
91	83	9
83	92	10
93	83	10
94	83	33
95	83	88
83	96	64
83	97	24
98	83	29
99	83	75
84	85	86
84	86	33
87	84	84
84	88	81
89	84	9
90	84	1
91	84	26
92	84	38
84	93	100
84	94	38
95	84	59
96	84	67
97	84	19
98	84	86
99	84	1
85	86	16
85	87	70
85	88	75
89	85	41
90	85	73
91	85	87
85	92	1
85	93	63
85	94	26
85	95	10
85	96	69
85	97	93
85	98	40
85	99	32
87	86	80
86	88	97
89	86	24
90	86	50
91	86	85
86	92	53
93	86	64
94	86	31
86	95	39
86	96	10
86	97	85
86	98	83
99	86	73
88	87	17
89	87	50
90	87	46
91	87	16
87	92	98
93	87	15
87	94	13
87	95	11
96	87	54
97	87	87
98	87	88
87	99	72
89	88	71
90	88	69
88	91	60
92	88	14
93	88	49
94	88	57
95	88	33
96	88	98
88	97	80
98	88	98
88	99	63
90	89	47
89	91	80
89	92	71
89	93	16
94	89	53
95	89	76
89	96	91
89	97	14
89	98	3
99	89	14
91	90	32
92	90	3
90	93	48
90	94	18
95	90	15
90	96	89
90	97	28
90	98	9
90	99	33
91	92	36
91	93	71
94	91	93
95	91	48
91	96	96
91	97	47
91	98	10
99	91	9
92	93	72
94	92	93
95	92	83
92	96	73
97	92	7
92	98	49
99	92	97
93	94	95
95	93	85
93	96	55
97	93	19
93	98	41
99	93	98
94	95	8
96	94	48
94	97	4
94	98	66
94	99	89
96	95	57
97	95	88
95	98	97
99	95	21
96	97	11
98	96	39
96	99	8
97	98	46
97	99	67
99	98	59
101	100	59
102	100	58
103	100	23
104	100	4
105	100	64
106	100	67
107	100	64
108	100	46
100	109	37
100	110	56
100	111	41
100	112	30
100	113	6
100	114	64
115	100	23
100	116	5
117	100	74
118	100	96
100	119	85
100	120	55
100	121	62
122	100	61
100	123	39
124	100	55
125	100	74
100	126	19
127	100	66
100	128	2
129	100	95
130	100	57
100	131	59
100	132	80
133	100	21
134	100	37
100	135	11
100	136	17
100	137	78
138	100	26
100	139	5
100	140	96
141	100	99
100	142	23
100	143	58
144	100	42
145	100	94
146	100	50
147	100	33
148	100	74
100	149	76
150	100	67
151	100	71
100	152	80
100	153	64
154	100	94
100	155	40
100	156	22
157	100	15
158	100	10
100	159	56
100	160	53
161	100	74
162	100	75
163	100	92
164	100	81
100	165	81
100	166	30
100	167	4
168	100	60
100	169	98
170	100	59
100	171	49
100	172	96
173	100	10
100	174	40
175	100	34
100	176	31
177	100	17
100	178	19
179	100	15
180	100	93
181	100	76
182	100	84
183	100	21
184	100	43
100	185	31
186	100	65
187	100	65
188	100	88
100	189	21
190	100	10
100	191	39
192	100	29
193	100	100
100	194	49
195	100	77
196	100	49
197	100	76
100	198	17
100	199	41
101	102	49
103	101	87
101	104	62
105	101	23
106	101	29
107	101	49
108	101	49
101	109	95
110	101	35
101	111	89
101	112	96
101	113	26
101	114	92
101	115	39
116	101	72
101	117	95
101	118	44
101	119	36
120	101	94
121	101	36
122	101	30
123	101	20
101	124	63
125	101	77
101	126	1
101	127	14
101	128	43
101	129	84
130	101	57
131	101	73
101	132	36
133	101	66
101	134	36
101	135	93
101	136	15
137	101	53
138	101	39
139	101	96
101	140	27
101	141	43
101	142	60
143	101	7
144	101	81
145	101	50
146	101	54
147	101	1
148	101	19
149	101	89
101	150	56
151	101	66
152	101	48
101	153	6
154	101	86
101	155	43
101	156	41
101	157	76
101	158	13
101	159	72
160	101	29
161	101	8
162	101	64
101	163	5
101	164	54
165	101	63
166	101	46
167	101	81
101	168	37
101	169	82
170	101	18
171	101	65
172	101	78
173	101	84
101	174	17
101	175	18
176	101	86
101	177	92
178	101	84
179	101	61
180	101	37
181	101	43
182	101	50
183	101	94
101	184	69
101	185	84
186	101	43
101	187	82
188	101	11
101	189	46
101	190	41
191	101	41
192	101	23
193	101	65
101	194	86
101	195	72
101	196	98
197	101	92
198	101	35
101	199	27
103	102	61
102	104	46
105	102	83
102	106	98
102	107	98
102	108	36
109	102	19
110	102	84
111	102	66
102	112	14
102	113	37
114	102	48
115	102	38
102	116	37
102	117	39
118	102	40
102	119	47
102	120	32
102	121	5
122	102	66
123	102	70
124	102	74
125	102	70
126	102	77
102	127	88
128	102	31
129	102	87
130	102	37
102	131	93
132	102	53
133	102	97
102	134	94
135	102	100
102	136	73
137	102	33
102	138	71
102	139	14
102	140	54
102	141	85
142	102	13
102	143	91
102	144	38
102	145	57
146	102	61
147	102	22
102	148	23
149	102	65
150	102	71
151	102	83
152	102	40
153	102	37
154	102	55
102	155	6
156	102	52
157	102	15
158	102	13
159	102	65
160	102	38
161	102	88
102	162	96
163	102	23
164	102	86
102	165	66
166	102	91
102	167	8
168	102	79
169	102	88
170	102	29
102	171	48
172	102	66
102	173	31
102	174	2
102	175	7
102	176	74
102	177	72
178	102	97
179	102	24
102	180	97
181	102	82
182	102	71
183	102	53
102	184	54
185	102	50
186	102	72
102	187	71
188	102	47
189	102	100
102	190	37
102	191	6
192	102	42
193	102	28
102	194	78
195	102	68
196	102	39
102	197	41
198	102	78
102	199	85
104	103	8
103	105	57
103	106	43
103	107	46
108	103	44
103	109	82
110	103	90
103	111	3
112	103	24
103	113	99
114	103	15
103	115	69
116	103	59
103	117	74
103	118	9
103	119	80
103	120	44
103	121	44
122	103	10
103	123	12
103	124	33
125	103	14
103	126	45
103	127	7
103	128	91
103	129	100
103	130	79
103	131	67
103	132	68
103	133	95
134	103	62
135	103	45
136	103	56
103	137	31
103	138	23
139	103	21
140	103	32
141	103	96
103	142	3
103	143	51
103	144	78
145	103	41
103	146	44
103	147	13
103	148	85
149	103	63
103	150	33
103	151	2
152	103	4
103	153	40
154	103	88
103	155	3
156	103	25
103	157	52
158	103	87
159	103	44
160	103	21
161	103	82
162	103	58
163	103	57
103	164	69
103	165	67
103	166	99
103	167	78
103	168	47
103	169	22
170	103	38
171	103	45
103	172	14
173	103	72
174	103	46
103	175	62
176	103	22
177	103	86
103	178	44
179	103	72
180	103	91
181	103	43
182	103	42
183	103	61
184	103	52
185	103	77
103	186	99
103	187	14
188	103	12
103	189	10
190	103	94
103	191	68
192	103	60
193	103	40
194	103	8
103	195	3
196	103	43
197	103	69
198	103	62
103	199	17
104	105	62
104	106	67
104	107	62
104	108	81
109	104	18
110	104	71
111	104	9
104	112	98
113	104	95
104	114	43
115	104	6
116	104	57
104	117	34
104	118	42
104	119	81
104	120	82
104	121	31
122	104	47
104	123	95
104	124	74
104	125	56
126	104	25
127	104	80
128	104	13
104	129	97
130	104	26
104	131	53
132	104	95
104	133	68
134	104	13
135	104	75
136	104	78
104	137	35
138	104	81
104	139	31
104	140	95
141	104	8
142	104	31
104	143	64
104	144	93
145	104	93
104	146	7
104	147	55
104	148	42
149	104	44
150	104	26
151	104	14
152	104	69
153	104	5
154	104	31
155	104	27
104	156	11
104	157	26
158	104	64
159	104	73
160	104	85
104	161	70
162	104	10
104	163	83
104	164	53
104	165	62
166	104	84
167	104	37
104	168	17
104	169	64
104	170	40
104	171	49
172	104	41
104	173	60
104	174	91
104	175	31
104	176	96
177	104	40
178	104	58
104	179	46
104	180	93
104	181	59
104	182	29
104	183	52
104	184	34
185	104	98
104	186	60
104	187	83
104	188	76
104	189	34
190	104	67
191	104	19
104	192	41
193	104	49
104	194	86
195	104	21
196	104	59
197	104	83
104	198	1
104	199	5
106	105	38
107	105	99
105	108	33
105	109	14
110	105	36
105	111	19
105	112	23
105	113	76
105	114	67
115	105	12
105	116	1
117	105	68
118	105	39
119	105	25
105	120	22
105	121	55
122	105	36
123	105	58
105	124	18
125	105	49
105	126	19
127	105	64
128	105	47
105	129	43
130	105	76
131	105	88
132	105	97
105	133	89
134	105	23
105	135	29
136	105	88
137	105	78
105	138	20
105	139	82
105	140	74
141	105	29
105	142	28
105	143	75
105	144	8
105	145	54
146	105	77
105	147	81
105	148	87
149	105	76
150	105	36
105	151	60
152	105	82
153	105	100
105	154	45
155	105	89
105	156	13
157	105	70
158	105	50
159	105	9
160	105	14
161	105	56
105	162	72
105	163	73
164	105	76
105	165	8
166	105	83
105	167	74
168	105	70
169	105	41
170	105	57
171	105	47
172	105	62
173	105	60
105	174	88
175	105	89
176	105	93
105	177	31
178	105	44
179	105	3
180	105	92
105	181	23
182	105	71
183	105	91
105	184	52
105	185	79
186	105	75
187	105	51
105	188	70
105	189	65
190	105	6
191	105	99
105	192	19
105	193	47
105	194	47
105	195	70
196	105	38
105	197	29
198	105	37
199	105	64
106	107	78
106	108	94
106	109	51
110	106	52
106	111	46
106	112	4
106	113	54
114	106	98
106	115	94
116	106	56
117	106	26
118	106	66
106	119	9
106	120	28
121	106	58
106	122	17
106	123	12
124	106	31
106	125	19
106	126	32
106	127	32
106	128	48
129	106	87
106	130	44
106	131	79
132	106	27
133	106	35
134	106	13
135	106	87
106	136	5
106	137	45
106	138	86
139	106	44
106	140	84
141	106	19
142	106	44
143	106	100
144	106	60
106	145	88
146	106	44
106	147	68
148	106	92
106	149	96
106	150	42
151	106	53
152	106	45
106	153	35
106	154	16
106	155	14
106	156	81
157	106	49
158	106	41
106	159	32
106	160	99
161	106	21
106	162	86
106	163	52
106	164	82
165	106	82
166	106	21
106	167	48
106	168	19
106	169	33
170	106	36
171	106	69
172	106	75
173	106	20
174	106	58
175	106	47
106	176	56
106	177	83
106	178	45
179	106	70
180	106	55
106	181	38
106	182	64
106	183	24
184	106	19
185	106	75
106	186	99
187	106	79
106	188	1
189	106	12
190	106	44
191	106	52
106	192	63
106	193	63
106	194	51
195	106	29
196	106	84
106	197	40
198	106	2
106	199	32
108	107	56
109	107	80
110	107	82
111	107	60
107	112	16
107	113	60
114	107	28
115	107	99
116	107	90
107	117	91
107	118	60
107	119	60
120	107	43
121	107	80
122	107	54
107	123	74
124	107	36
107	125	6
126	107	90
127	107	62
128	107	9
107	129	38
107	130	66
131	107	67
132	107	20
107	133	31
134	107	98
135	107	6
107	136	22
107	137	15
107	138	60
107	139	99
107	140	63
141	107	1
142	107	100
107	143	57
144	107	67
145	107	53
107	146	5
107	147	53
148	107	20
107	149	60
107	150	20
107	151	71
152	107	98
107	153	29
107	154	58
107	155	12
107	156	76
157	107	56
158	107	53
159	107	92
160	107	12
161	107	29
107	162	56
163	107	30
164	107	45
165	107	35
166	107	95
107	167	80
168	107	32
107	169	17
170	107	51
107	171	69
107	172	21
107	173	33
174	107	6
175	107	41
107	176	39
177	107	28
178	107	65
179	107	92
107	180	6
107	181	34
182	107	31
107	183	66
107	184	48
107	185	71
186	107	46
107	187	29
188	107	54
189	107	44
107	190	56
191	107	63
192	107	92
193	107	38
194	107	84
195	107	87
107	196	14
107	197	84
198	107	53
199	107	54
108	109	97
110	108	4
108	111	91
112	108	43
113	108	78
114	108	80
108	115	24
116	108	91
108	117	93
108	118	25
119	108	76
120	108	88
108	121	9
108	122	48
123	108	72
124	108	17
108	125	2
126	108	68
108	127	80
128	108	6
108	129	15
130	108	87
131	108	11
108	132	77
108	133	54
108	134	25
135	108	48
108	136	1
137	108	37
138	108	45
108	139	22
108	140	65
141	108	22
142	108	10
143	108	88
108	144	44
145	108	77
108	146	70
147	108	18
148	108	91
108	149	5
108	150	28
151	108	62
152	108	30
108	153	84
154	108	3
108	155	31
108	156	96
108	157	56
108	158	93
159	108	78
160	108	73
108	161	71
162	108	61
163	108	70
108	164	2
108	165	77
108	166	97
108	167	34
168	108	88
108	169	19
170	108	48
108	171	93
108	172	87
108	173	86
174	108	48
175	108	70
108	176	48
108	177	99
108	178	26
108	179	28
108	180	65
108	181	97
108	182	96
183	108	39
184	108	29
108	185	25
186	108	91
187	108	36
108	188	12
108	189	13
190	108	65
191	108	82
108	192	52
193	108	33
108	194	70
195	108	90
108	196	44
197	108	30
108	198	72
199	108	52
110	109	53
111	109	3
112	109	51
113	109	30
109	114	98
109	115	22
116	109	77
117	109	93
109	118	84
109	119	51
109	120	69
121	109	98
109	122	34
109	123	12
124	109	7
125	109	48
109	126	13
127	109	17
109	128	36
129	109	55
109	130	12
109	131	97
109	132	50
109	133	91
134	109	15
135	109	9
109	136	82
137	109	5
138	109	13
139	109	92
140	109	12
141	109	5
142	109	51
143	109	91
144	109	40
109	145	73
109	146	14
109	147	13
148	109	35
109	149	33
109	150	35
151	109	78
109	152	12
109	153	49
109	154	61
155	109	36
156	109	43
109	157	83
109	158	67
159	109	82
109	160	53
161	109	64
162	109	77
163	109	50
164	109	22
109	165	28
166	109	84
167	109	76
168	109	57
169	109	88
170	109	21
109	171	96
172	109	90
173	109	85
109	174	58
109	175	87
176	109	61
109	177	66
109	178	81
109	179	88
180	109	100
109	181	63
182	109	2
183	109	19
184	109	65
109	185	7
186	109	43
187	109	78
188	109	1
189	109	65
190	109	26
109	191	8
192	109	88
109	193	11
194	109	26
195	109	89
109	196	3
197	109	43
198	109	41
199	109	42
111	110	18
112	110	20
113	110	14
114	110	85
115	110	94
116	110	72
117	110	70
110	118	96
119	110	58
110	120	98
110	121	89
110	122	59
123	110	1
124	110	37
125	110	71
110	126	15
110	127	28
128	110	74
110	129	10
110	130	21
131	110	89
110	132	7
110	133	78
134	110	83
135	110	79
110	136	89
137	110	15
110	138	21
139	110	55
110	140	71
110	141	50
142	110	78
110	143	82
110	144	55
145	110	14
146	110	56
147	110	20
110	148	74
110	149	4
110	150	86
151	110	33
110	152	27
110	153	61
154	110	53
155	110	6
156	110	41
110	157	20
110	158	74
110	159	35
160	110	24
110	161	5
110	162	70
163	110	26
110	164	75
110	165	100
110	166	53
110	167	95
168	110	60
110	169	100
170	110	96
110	171	90
110	172	76
110	173	61
174	110	25
110	175	29
176	110	55
110	177	8
110	178	53
179	110	75
110	180	55
110	181	27
182	110	24
183	110	52
184	110	54
185	110	58
186	110	83
110	187	99
110	188	49
189	110	76
110	190	99
110	191	12
110	192	39
110	193	61
110	194	76
195	110	78
110	196	31
197	110	87
198	110	73
110	199	64
111	112	29
113	111	78
111	114	50
111	115	94
111	116	10
117	111	80
111	118	18
119	111	99
120	111	23
111	121	53
111	122	67
123	111	81
111	124	3
125	111	96
126	111	11
127	111	77
111	128	92
129	111	7
111	130	72
111	131	71
111	132	59
133	111	88
134	111	26
111	135	81
136	111	9
137	111	92
138	111	40
139	111	19
111	140	89
141	111	87
142	111	57
143	111	78
111	144	77
145	111	12
146	111	100
147	111	70
111	148	49
111	149	99
150	111	62
111	151	92
152	111	34
111	153	12
154	111	6
155	111	36
156	111	30
157	111	18
111	158	78
111	159	58
160	111	51
161	111	8
111	162	97
111	163	64
164	111	93
111	165	87
111	166	61
167	111	56
111	168	64
111	169	41
170	111	77
171	111	70
172	111	91
173	111	68
174	111	22
111	175	88
176	111	86
177	111	70
178	111	78
111	179	57
111	180	62
181	111	24
111	182	93
183	111	7
184	111	6
185	111	13
111	186	64
187	111	81
188	111	36
189	111	21
111	190	90
111	191	48
192	111	25
193	111	97
111	194	13
195	111	92
196	111	29
111	197	29
198	111	69
199	111	81
113	112	75
112	114	60
112	115	20
116	112	95
112	117	100
118	112	19
112	119	79
120	112	75
112	121	86
112	122	57
112	123	99
112	124	80
125	112	71
126	112	57
127	112	78
128	112	1
129	112	98
112	130	92
112	131	79
112	132	4
133	112	17
112	134	53
135	112	79
136	112	22
112	137	8
138	112	47
139	112	61
140	112	84
112	141	38
112	142	55
112	143	21
112	144	30
112	145	86
146	112	66
112	147	17
112	148	6
149	112	4
112	150	15
112	151	76
112	152	80
112	153	43
112	154	80
155	112	28
156	112	7
112	157	93
158	112	13
112	159	17
160	112	26
161	112	6
112	162	54
163	112	71
112	164	4
165	112	22
112	166	83
167	112	4
168	112	22
112	169	6
112	170	1
171	112	29
112	172	80
173	112	80
174	112	23
112	175	47
112	176	2
112	177	49
112	178	81
112	179	63
112	180	90
181	112	50
112	182	48
183	112	27
184	112	72
185	112	67
112	186	15
112	187	8
188	112	82
189	112	33
112	190	29
112	191	44
192	112	98
193	112	70
194	112	70
195	112	13
112	196	27
112	197	25
198	112	98
112	199	61
113	114	14
113	115	98
116	113	36
113	117	88
113	118	95
119	113	39
120	113	16
121	113	79
122	113	24
113	123	24
113	124	32
125	113	3
113	126	13
127	113	40
128	113	35
129	113	6
113	130	50
113	131	37
113	132	43
133	113	72
134	113	60
135	113	53
136	113	27
113	137	56
138	113	93
113	139	70
113	140	85
113	141	56
142	113	27
143	113	23
113	144	39
145	113	79
113	146	59
113	147	99
113	148	66
149	113	23
150	113	27
151	113	91
152	113	63
153	113	50
154	113	21
155	113	43
113	156	12
157	113	100
158	113	53
159	113	69
160	113	75
113	161	25
162	113	41
113	163	77
113	164	78
165	113	27
113	166	78
167	113	74
113	168	54
113	169	84
113	170	78
171	113	26
172	113	45
173	113	73
174	113	69
113	175	9
176	113	64
177	113	82
178	113	81
113	179	7
180	113	46
113	181	37
113	182	82
183	113	68
113	184	54
185	113	56
113	186	45
187	113	14
188	113	87
113	189	63
190	113	67
191	113	85
113	192	89
193	113	25
113	194	64
195	113	50
196	113	11
113	197	34
113	198	49
199	113	9
114	115	67
114	116	89
117	114	23
114	118	30
119	114	32
114	120	12
114	121	1
114	122	58
123	114	55
124	114	29
125	114	64
114	126	53
127	114	93
128	114	46
129	114	13
130	114	58
131	114	60
114	132	92
133	114	39
114	134	85
135	114	24
114	136	51
114	137	86
114	138	32
139	114	15
114	140	13
114	141	68
142	114	26
114	143	95
144	114	37
114	145	63
114	146	57
147	114	20
114	148	34
114	149	86
150	114	54
114	151	2
152	114	40
114	153	11
114	154	41
155	114	48
156	114	77
157	114	24
158	114	77
114	159	1
160	114	52
114	161	16
114	162	9
163	114	41
114	164	19
114	165	81
166	114	44
167	114	28
168	114	37
114	169	92
170	114	75
171	114	83
172	114	99
173	114	65
174	114	16
175	114	24
114	176	23
114	177	88
178	114	45
114	179	80
114	180	81
114	181	88
114	182	70
183	114	73
184	114	6
185	114	66
114	186	88
114	187	25
114	188	81
189	114	32
114	190	95
191	114	97
114	192	69
114	193	67
194	114	93
114	195	42
196	114	64
114	197	69
198	114	87
199	114	6
115	116	81
117	115	39
115	118	68
119	115	37
115	120	52
121	115	91
115	122	40
115	123	25
124	115	68
115	125	74
115	126	55
127	115	35
128	115	86
129	115	13
115	130	31
131	115	75
132	115	9
115	133	79
134	115	14
135	115	28
115	136	66
115	137	25
115	138	95
139	115	77
115	140	29
141	115	17
142	115	70
115	143	94
144	115	52
115	145	5
115	146	51
115	147	2
115	148	54
115	149	65
115	150	60
151	115	43
115	152	78
115	153	50
154	115	22
115	155	99
156	115	94
115	157	43
115	158	94
159	115	30
115	160	79
161	115	4
162	115	55
115	163	68
164	115	62
165	115	42
115	166	94
167	115	16
168	115	16
169	115	35
170	115	41
171	115	9
115	172	45
173	115	31
115	174	93
115	175	85
115	176	42
115	177	10
178	115	10
115	179	96
180	115	9
181	115	48
115	182	88
115	183	23
115	184	81
115	185	65
115	186	63
187	115	80
115	188	38
115	189	68
115	190	26
191	115	24
192	115	13
115	193	35
194	115	11
195	115	50
196	115	61
197	115	23
198	115	30
199	115	2
116	117	86
118	116	86
119	116	33
116	120	30
116	121	45
116	122	86
116	123	4
116	124	84
125	116	91
116	126	7
127	116	86
116	128	73
129	116	85
116	130	12
131	116	10
132	116	12
116	133	97
134	116	29
116	135	1
116	136	42
116	137	87
116	138	97
116	139	39
140	116	65
116	141	46
116	142	40
143	116	68
116	144	23
116	145	85
116	146	70
116	147	77
148	116	85
149	116	28
150	116	66
151	116	20
152	116	48
116	153	8
154	116	67
155	116	37
156	116	50
157	116	54
116	158	43
116	159	33
160	116	52
161	116	35
162	116	95
163	116	15
164	116	7
116	165	24
166	116	58
116	167	53
168	116	57
116	169	11
116	170	90
116	171	45
116	172	58
116	173	34
174	116	48
116	175	4
116	176	94
116	177	58
178	116	7
116	179	15
116	180	49
116	181	92
182	116	22
116	183	48
184	116	37
185	116	95
116	186	77
187	116	82
116	188	95
116	189	21
116	190	61
191	116	53
116	192	89
193	116	26
116	194	76
116	195	44
196	116	83
116	197	1
116	198	100
116	199	72
117	118	72
117	119	26
120	117	83
121	117	80
117	122	86
123	117	33
117	124	83
117	125	73
126	117	36
127	117	93
117	128	37
117	129	16
117	130	35
131	117	95
117	132	31
117	133	78
117	134	79
117	135	13
136	117	55
117	137	21
117	138	16
117	139	77
140	117	98
141	117	16
117	142	77
143	117	75
144	117	82
117	145	64
146	117	72
117	147	58
117	148	27
149	117	52
150	117	67
117	151	1
152	117	59
117	153	4
117	154	93
155	117	25
156	117	28
117	157	34
117	158	60
159	117	14
117	160	9
161	117	8
162	117	97
163	117	20
164	117	66
117	165	43
166	117	21
167	117	55
168	117	92
117	169	24
117	170	64
117	171	76
172	117	55
117	173	72
174	117	79
117	175	49
117	176	82
177	117	30
117	178	94
179	117	28
117	180	42
181	117	66
117	182	26
183	117	52
117	184	80
117	185	1
117	186	71
187	117	33
188	117	33
117	189	87
117	190	46
191	117	28
192	117	15
117	193	44
117	194	86
195	117	81
117	196	24
197	117	81
198	117	16
117	199	28
118	119	21
120	118	89
121	118	43
118	122	70
118	123	89
124	118	40
118	125	95
118	126	65
127	118	60
128	118	60
118	129	54
118	130	6
118	131	75
132	118	55
118	133	70
134	118	10
118	135	84
136	118	79
137	118	37
138	118	7
139	118	36
140	118	7
118	141	46
118	142	24
118	143	59
144	118	98
118	145	95
146	118	58
118	147	68
148	118	74
149	118	54
150	118	21
118	151	86
152	118	3
118	153	10
118	154	43
118	155	27
156	118	48
118	157	26
118	158	51
118	159	39
160	118	89
118	161	75
162	118	56
118	163	16
118	164	38
118	165	89
166	118	88
167	118	88
118	168	3
118	169	23
118	170	64
171	118	42
118	172	8
173	118	81
118	174	9
175	118	24
118	176	39
177	118	78
178	118	96
179	118	53
180	118	41
118	181	94
118	182	5
183	118	43
184	118	74
185	118	7
186	118	77
187	118	15
118	188	64
118	189	43
118	190	54
118	191	61
118	192	13
118	193	2
118	194	76
118	195	54
118	196	70
197	118	46
198	118	49
199	118	87
119	120	27
119	121	47
119	122	19
123	119	15
124	119	81
125	119	74
126	119	36
127	119	72
119	128	92
129	119	38
130	119	75
131	119	62
119	132	45
133	119	97
134	119	69
135	119	28
119	136	70
137	119	32
138	119	55
139	119	35
119	140	64
141	119	90
119	142	71
143	119	8
144	119	20
145	119	97
119	146	56
119	147	68
119	148	53
149	119	34
150	119	6
119	151	23
152	119	100
119	153	51
154	119	21
155	119	46
156	119	86
157	119	18
158	119	9
119	159	5
119	160	3
161	119	31
119	162	70
119	163	40
119	164	56
165	119	29
119	166	49
167	119	16
168	119	51
169	119	37
119	170	91
119	171	57
119	172	32
119	173	12
174	119	77
175	119	5
119	176	85
119	177	14
178	119	92
119	179	36
119	180	58
181	119	23
119	182	18
183	119	78
119	184	91
119	185	62
119	186	17
187	119	25
188	119	63
189	119	43
190	119	79
119	191	76
119	192	46
193	119	70
119	194	25
195	119	63
119	196	81
197	119	89
198	119	96
119	199	68
120	121	65
120	122	89
123	120	97
120	124	18
125	120	92
120	126	56
127	120	1
120	128	28
129	120	11
130	120	89
131	120	41
120	132	28
133	120	65
120	134	80
120	135	30
136	120	17
137	120	94
138	120	24
139	120	52
120	140	98
120	141	20
120	142	15
143	120	14
144	120	45
145	120	15
120	146	18
147	120	82
120	148	63
120	149	72
120	150	17
120	151	11
120	152	52
153	120	52
154	120	76
120	155	55
156	120	45
120	157	8
120	158	6
120	159	50
120	160	61
161	120	87
120	162	44
163	120	62
164	120	10
120	165	94
166	120	46
120	167	34
120	168	80
169	120	95
170	120	38
120	171	73
172	120	42
120	173	78
120	174	6
175	120	100
176	120	20
120	177	100
178	120	23
120	179	46
120	180	71
181	120	85
120	182	22
183	120	77
120	184	80
185	120	8
186	120	10
120	187	6
120	188	64
120	189	52
190	120	50
191	120	17
192	120	96
193	120	62
120	194	57
195	120	45
196	120	7
197	120	5
198	120	64
120	199	69
122	121	19
121	123	69
124	121	23
121	125	89
121	126	97
127	121	27
121	128	18
121	129	98
121	130	16
131	121	8
132	121	58
121	133	92
134	121	13
121	135	52
121	136	79
137	121	27
121	138	44
139	121	89
140	121	20
141	121	29
142	121	61
143	121	36
144	121	81
121	145	42
146	121	76
121	147	76
148	121	92
121	149	11
121	150	10
151	121	70
121	152	78
121	153	60
121	154	66
155	121	16
156	121	84
121	157	44
121	158	95
121	159	32
160	121	61
121	161	27
121	162	30
163	121	42
164	121	10
165	121	58
121	166	71
167	121	13
168	121	68
169	121	41
121	170	47
121	171	71
121	172	85
173	121	97
174	121	81
175	121	81
176	121	90
177	121	80
178	121	18
179	121	93
121	180	95
121	181	50
182	121	2
183	121	61
184	121	4
185	121	78
186	121	60
187	121	23
121	188	11
189	121	45
190	121	64
121	191	2
192	121	51
121	193	80
121	194	38
121	195	28
121	196	55
197	121	80
198	121	62
199	121	12
122	123	10
124	122	50
122	125	71
122	126	91
122	127	77
128	122	89
129	122	68
130	122	77
122	131	42
132	122	35
133	122	18
122	134	66
122	135	72
136	122	14
137	122	26
138	122	62
122	139	63
140	122	12
122	141	58
122	142	8
143	122	86
144	122	100
145	122	59
146	122	83
147	122	30
148	122	8
122	149	24
150	122	81
151	122	58
152	122	63
122	153	62
122	154	69
122	155	88
156	122	98
122	157	74
158	122	7
122	159	49
160	122	43
161	122	58
122	162	30
163	122	3
164	122	29
122	165	20
166	122	73
122	167	10
122	168	91
169	122	24
170	122	97
171	122	74
122	172	97
173	122	24
174	122	42
122	175	73
122	176	83
122	177	33
122	178	64
179	122	56
122	180	1
122	181	52
182	122	41
122	183	34
184	122	43
122	185	38
186	122	13
187	122	94
122	188	82
122	189	61
190	122	36
122	191	76
122	192	63
193	122	83
122	194	10
195	122	12
196	122	31
122	197	8
198	122	84
199	122	54
124	123	95
123	125	94
126	123	30
127	123	30
128	123	54
129	123	66
130	123	17
123	131	54
123	132	99
133	123	62
123	134	6
123	135	80
136	123	71
123	137	98
123	138	72
123	139	83
140	123	51
123	141	92
142	123	78
123	143	20
123	144	78
145	123	80
123	146	87
123	147	86
123	148	90
123	149	34
123	150	3
151	123	6
152	123	92
123	153	13
154	123	21
123	155	63
156	123	81
123	157	68
123	158	34
123	159	57
123	160	50
123	161	8
162	123	89
163	123	3
164	123	19
123	165	22
166	123	12
123	167	95
123	168	80
123	169	45
170	123	94
123	171	61
172	123	24
123	173	82
174	123	37
175	123	31
176	123	77
177	123	90
123	178	23
179	123	28
180	123	60
123	181	100
182	123	64
123	183	63
184	123	14
185	123	76
186	123	38
123	187	53
123	188	63
189	123	68
123	190	19
123	191	89
192	123	70
193	123	13
194	123	34
123	195	43
123	196	81
123	197	81
123	198	57
123	199	28
125	124	33
124	126	62
127	124	87
128	124	45
124	129	25
130	124	29
131	124	75
132	124	90
124	133	56
134	124	32
135	124	99
124	136	1
124	137	44
124	138	65
139	124	88
140	124	62
141	124	77
142	124	53
143	124	5
124	144	92
124	145	22
124	146	49
147	124	71
148	124	26
149	124	78
150	124	95
151	124	84
152	124	19
153	124	17
154	124	2
124	155	59
156	124	43
124	157	88
124	158	89
124	159	19
124	160	94
161	124	19
162	124	17
163	124	14
124	164	70
165	124	71
124	166	23
167	124	61
168	124	93
169	124	75
124	170	37
171	124	81
172	124	51
173	124	50
174	124	76
124	175	56
124	176	37
124	177	41
178	124	54
124	179	52
124	180	70
124	181	57
124	182	40
124	183	100
184	124	94
124	185	32
124	186	42
187	124	77
124	188	8
189	124	53
124	190	82
124	191	51
124	192	25
124	193	37
124	194	90
195	124	84
196	124	6
124	197	61
124	198	21
124	199	80
126	125	44
125	127	20
128	125	24
129	125	54
125	130	83
131	125	77
132	125	53
125	133	46
134	125	27
125	135	96
136	125	60
125	137	28
138	125	99
139	125	4
125	140	49
141	125	60
142	125	84
143	125	58
144	125	89
145	125	7
125	146	28
125	147	16
148	125	73
149	125	65
125	150	36
151	125	40
125	152	19
153	125	23
154	125	10
125	155	14
156	125	66
157	125	16
125	158	15
125	159	48
160	125	57
125	161	59
162	125	80
163	125	57
164	125	8
165	125	51
125	166	23
125	167	69
168	125	3
169	125	6
170	125	53
125	171	30
172	125	1
125	173	73
125	174	61
175	125	94
125	176	55
177	125	57
178	125	74
125	179	48
180	125	37
125	181	2
182	125	85
125	183	92
184	125	74
185	125	9
186	125	90
187	125	3
125	188	12
189	125	52
190	125	53
191	125	23
125	192	34
193	125	20
194	125	1
195	125	67
125	196	4
197	125	43
125	198	40
125	199	70
126	127	15
128	126	69
126	129	14
130	126	100
131	126	54
126	132	100
133	126	82
126	134	5
135	126	52
126	136	71
126	137	91
126	138	33
139	126	99
140	126	27
126	141	44
126	142	84
143	126	13
126	144	29
126	145	99
126	146	12
126	147	53
148	126	30
126	149	23
150	126	76
126	151	41
126	152	73
153	126	7
154	126	2
126	155	54
156	126	14
126	157	78
158	126	75
159	126	87
160	126	75
161	126	64
162	126	89
163	126	6
126	164	95
165	126	54
126	166	54
126	167	15
168	126	37
169	126	25
126	170	76
126	171	91
126	172	30
173	126	72
126	174	77
126	175	97
176	126	75
126	177	52
178	126	44
179	126	95
180	126	85
126	181	12
182	126	3
126	183	99
126	184	90
126	185	96
126	186	39
187	126	14
126	188	16
189	126	57
126	190	25
126	191	41
192	126	83
193	126	90
126	194	90
126	195	74
126	196	36
197	126	10
198	126	38
126	199	78
128	127	15
129	127	26
127	130	61
127	131	25
127	132	89
133	127	85
134	127	94
127	135	74
136	127	79
127	137	5
127	138	16
127	139	92
140	127	70
127	141	60
142	127	33
127	143	19
127	144	87
127	145	3
146	127	69
147	127	84
148	127	89
127	149	18
150	127	63
127	151	27
152	127	33
153	127	49
154	127	47
127	155	46
156	127	26
157	127	29
158	127	52
159	127	99
127	160	41
127	161	14
162	127	87
163	127	25
127	164	75
165	127	15
127	166	28
127	167	59
127	168	17
127	169	83
127	170	95
171	127	5
127	172	67
173	127	91
127	174	94
175	127	11
127	176	84
127	177	33
127	178	1
127	179	43
127	180	33
181	127	88
127	182	63
183	127	86
184	127	69
127	185	100
127	186	83
127	187	58
127	188	20
127	189	15
190	127	57
127	191	67
127	192	23
193	127	43
194	127	71
127	195	22
127	196	15
127	197	51
127	198	34
127	199	25
129	128	69
130	128	77
131	128	62
128	132	9
133	128	45
128	134	18
128	135	13
128	136	41
128	137	46
128	138	93
139	128	27
140	128	49
141	128	4
142	128	11
128	143	62
128	144	25
128	145	75
128	146	3
147	128	39
128	148	26
149	128	4
150	128	56
128	151	45
152	128	66
128	153	78
154	128	7
128	155	44
128	156	33
128	157	27
158	128	27
128	159	33
160	128	45
128	161	91
162	128	55
163	128	16
164	128	94
165	128	68
166	128	8
167	128	15
168	128	74
128	169	39
170	128	91
171	128	82
128	172	68
173	128	83
128	174	23
175	128	98
176	128	78
128	177	43
128	178	26
179	128	34
128	180	73
181	128	85
182	128	97
183	128	75
184	128	71
185	128	28
128	186	2
187	128	19
188	128	79
189	128	86
190	128	42
191	128	81
128	192	77
193	128	47
194	128	14
195	128	70
128	196	86
128	197	53
198	128	77
128	199	60
129	130	70
129	131	8
132	129	11
129	133	22
129	134	81
135	129	4
136	129	41
137	129	43
138	129	72
129	139	41
129	140	38
129	141	77
129	142	4
143	129	59
144	129	29
129	145	4
129	146	91
147	129	71
148	129	58
129	149	91
129	150	97
129	151	92
152	129	5
129	153	29
154	129	18
129	155	37
129	156	93
157	129	20
158	129	98
159	129	10
160	129	66
161	129	2
162	129	13
129	163	6
164	129	2
129	165	21
166	129	80
167	129	96
129	168	73
169	129	65
170	129	62
171	129	9
172	129	42
129	173	51
129	174	99
175	129	14
129	176	36
177	129	55
178	129	27
179	129	77
129	180	45
181	129	41
182	129	66
129	183	33
184	129	50
185	129	97
129	186	19
129	187	41
129	188	32
189	129	9
129	190	82
191	129	72
129	192	98
193	129	100
129	194	87
129	195	23
129	196	51
197	129	60
129	198	32
129	199	80
131	130	41
132	130	98
133	130	1
130	134	28
135	130	82
130	136	93
137	130	54
138	130	62
139	130	19
140	130	85
130	141	5
130	142	60
130	143	66
144	130	61
130	145	13
130	146	25
130	147	60
130	148	71
130	149	98
150	130	44
130	151	40
130	152	66
153	130	38
130	154	64
130	155	85
130	156	72
157	130	99
130	158	57
159	130	46
130	160	10
161	130	55
162	130	62
130	163	27
164	130	45
130	165	1
166	130	84
167	130	67
130	168	22
169	130	37
130	170	39
130	171	64
130	172	13
130	173	17
130	174	38
175	130	98
130	176	94
177	130	73
130	178	72
179	130	44
130	180	96
130	181	61
182	130	68
130	183	64
184	130	98
185	130	9
130	186	65
187	130	24
130	188	43
130	189	22
130	190	83
191	130	48
130	192	89
130	193	71
130	194	12
130	195	94
130	196	4
130	197	69
130	198	75
130	199	80
131	132	3
133	131	99
134	131	73
131	135	82
131	136	60
137	131	49
131	138	37
131	139	52
140	131	65
131	141	27
131	142	34
143	131	57
144	131	59
131	145	49
146	131	15
147	131	52
131	148	98
131	149	17
131	150	82
151	131	66
131	152	28
131	153	56
131	154	44
131	155	20
156	131	61
157	131	85
131	158	49
159	131	63
131	160	40
131	161	75
162	131	35
163	131	5
164	131	56
131	165	33
166	131	12
131	167	30
131	168	77
131	169	79
170	131	24
131	171	72
131	172	49
173	131	3
174	131	99
175	131	79
176	131	6
177	131	26
131	178	55
179	131	56
180	131	73
181	131	28
182	131	45
131	183	15
131	184	48
185	131	25
131	186	66
187	131	26
188	131	75
189	131	13
131	190	24
191	131	68
192	131	16
131	193	13
131	194	42
195	131	95
196	131	8
131	197	79
198	131	100
199	131	26
132	133	86
134	132	85
135	132	74
132	136	46
137	132	67
138	132	5
132	139	75
132	140	74
141	132	17
142	132	56
132	143	6
144	132	69
145	132	12
146	132	87
147	132	5
148	132	95
132	149	86
150	132	89
132	151	72
152	132	3
132	153	63
132	154	15
132	155	75
132	156	72
132	157	28
158	132	76
159	132	46
132	160	41
161	132	8
162	132	21
163	132	33
132	164	33
165	132	32
166	132	65
167	132	69
168	132	27
169	132	26
132	170	81
132	171	63
172	132	59
173	132	5
132	174	90
132	175	18
132	176	46
132	177	55
132	178	50
179	132	74
132	180	83
181	132	27
132	182	27
183	132	34
184	132	58
185	132	4
186	132	94
132	187	29
188	132	48
132	189	42
132	190	52
132	191	73
192	132	71
132	193	19
194	132	87
195	132	68
132	196	40
197	132	1
198	132	88
199	132	64
134	133	70
133	135	79
136	133	58
137	133	53
138	133	73
139	133	14
133	140	49
141	133	89
142	133	84
133	143	53
133	144	84
133	145	51
133	146	42
147	133	50
133	148	53
133	149	92
133	150	95
151	133	26
152	133	35
153	133	42
154	133	62
155	133	48
133	156	21
157	133	86
158	133	14
159	133	54
133	160	17
133	161	51
133	162	54
133	163	73
133	164	9
133	165	55
166	133	4
167	133	97
168	133	41
169	133	62
133	170	41
133	171	55
172	133	78
173	133	54
174	133	13
175	133	10
133	176	3
177	133	30
178	133	89
133	179	72
180	133	41
133	181	98
182	133	31
183	133	43
133	184	31
133	185	54
186	133	65
187	133	74
133	188	58
133	189	92
190	133	37
133	191	5
192	133	94
193	133	20
194	133	99
195	133	95
196	133	18
197	133	46
198	133	91
133	199	65
134	135	82
134	136	27
137	134	69
138	134	36
139	134	82
134	140	21
134	141	35
134	142	80
134	143	29
134	144	26
145	134	59
146	134	37
147	134	56
148	134	76
149	134	9
134	150	45
134	151	55
134	152	1
134	153	25
154	134	45
134	155	69
134	156	73
134	157	76
134	158	14
159	134	51
134	160	1
134	161	55
134	162	80
134	163	29
134	164	82
134	165	98
166	134	51
134	167	41
134	168	11
134	169	91
134	170	35
171	134	64
172	134	41
173	134	58
174	134	60
175	134	31
176	134	79
177	134	76
134	178	60
179	134	97
180	134	54
181	134	17
182	134	8
183	134	58
134	184	75
134	185	3
186	134	52
187	134	52
134	188	12
189	134	3
134	190	44
134	191	92
134	192	80
193	134	91
194	134	40
134	195	87
134	196	13
134	197	94
198	134	38
199	134	26
136	135	1
137	135	91
138	135	89
139	135	19
140	135	72
141	135	84
135	142	5
143	135	57
144	135	18
135	145	48
135	146	50
147	135	54
148	135	40
135	149	75
150	135	25
151	135	35
135	152	24
153	135	6
154	135	21
135	155	68
156	135	73
157	135	63
135	158	65
159	135	73
135	160	32
161	135	22
162	135	86
163	135	96
164	135	64
135	165	85
135	166	91
167	135	20
168	135	75
169	135	35
135	170	41
135	171	6
172	135	77
173	135	27
174	135	9
175	135	31
176	135	97
135	177	72
178	135	50
135	179	45
135	180	47
135	181	40
182	135	67
183	135	25
135	184	20
135	185	30
186	135	37
187	135	37
188	135	24
189	135	67
135	190	70
135	191	21
135	192	56
193	135	56
135	194	58
195	135	88
135	196	35
197	135	45
135	198	93
199	135	53
136	137	32
138	136	17
139	136	93
140	136	10
136	141	65
142	136	3
136	143	88
144	136	88
136	145	29
146	136	95
147	136	5
148	136	51
136	149	25
136	150	7
136	151	60
136	152	81
153	136	60
154	136	60
136	155	90
156	136	10
136	157	5
136	158	32
159	136	30
160	136	82
136	161	10
136	162	50
136	163	69
136	164	59
136	165	35
166	136	57
136	167	41
168	136	31
136	169	99
170	136	76
171	136	17
136	172	79
136	173	78
174	136	58
136	175	39
176	136	77
136	177	14
136	178	53
179	136	54
136	180	48
136	181	3
182	136	5
136	183	5
136	184	67
136	185	66
186	136	63
187	136	100
136	188	1
189	136	37
136	190	41
191	136	98
136	192	38
193	136	41
194	136	51
136	195	23
136	196	64
197	136	6
198	136	98
136	199	47
137	138	7
137	139	26
137	140	77
141	137	82
142	137	89
143	137	37
144	137	14
137	145	74
146	137	59
137	147	81
148	137	35
149	137	38
150	137	40
151	137	82
137	152	69
153	137	24
137	154	23
155	137	79
156	137	63
157	137	87
137	158	12
159	137	38
137	160	82
137	161	13
162	137	58
137	163	53
164	137	23
165	137	95
166	137	88
137	167	42
168	137	90
137	169	38
137	170	12
171	137	52
137	172	35
173	137	92
137	174	76
137	175	70
176	137	62
177	137	88
137	178	35
179	137	44
180	137	16
137	181	97
137	182	23
183	137	36
137	184	35
137	185	21
137	186	37
187	137	72
137	188	68
189	137	1
137	190	80
191	137	9
192	137	83
193	137	60
194	137	18
137	195	10
196	137	83
197	137	90
198	137	43
137	199	33
138	139	20
140	138	58
138	141	88
138	142	41
138	143	18
144	138	14
145	138	71
138	146	45
138	147	95
148	138	57
138	149	88
150	138	45
151	138	88
138	152	2
153	138	56
154	138	15
138	155	7
156	138	80
138	157	36
158	138	35
159	138	75
138	160	61
138	161	33
162	138	54
138	163	69
138	164	75
138	165	69
138	166	28
167	138	38
138	168	11
138	169	1
170	138	85
138	171	13
172	138	68
138	173	53
174	138	13
138	175	83
138	176	13
177	138	36
178	138	3
138	179	76
138	180	43
138	181	13
182	138	82
138	183	36
184	138	89
185	138	96
138	186	74
187	138	66
138	188	99
138	189	98
190	138	18
191	138	63
192	138	81
193	138	63
194	138	86
138	195	7
196	138	5
197	138	49
138	198	19
138	199	76
139	140	31
139	141	34
139	142	72
139	143	96
144	139	76
139	145	40
139	146	81
147	139	36
139	148	56
139	149	25
139	150	94
139	151	69
152	139	83
139	153	13
154	139	9
155	139	90
139	156	64
139	157	59
139	158	76
139	159	87
139	160	65
139	161	77
139	162	28
139	163	37
164	139	78
165	139	53
166	139	55
139	167	29
168	139	18
169	139	64
139	170	83
171	139	42
172	139	50
139	173	1
139	174	80
175	139	33
176	139	5
177	139	25
139	178	47
139	179	8
180	139	8
139	181	19
139	182	40
139	183	78
139	184	4
185	139	5
186	139	73
187	139	41
188	139	24
139	189	53
139	190	59
139	191	22
192	139	8
139	193	37
194	139	28
195	139	16
196	139	31
197	139	52
198	139	59
199	139	76
141	140	95
140	142	39
143	140	13
144	140	35
145	140	35
140	146	63
147	140	32
140	148	93
149	140	96
150	140	28
140	151	4
140	152	44
140	153	96
140	154	97
155	140	71
140	156	76
157	140	12
158	140	85
140	159	10
160	140	26
140	161	8
162	140	86
163	140	2
164	140	56
140	165	8
166	140	56
140	167	76
140	168	8
169	140	20
170	140	100
171	140	61
172	140	51
173	140	36
140	174	6
140	175	87
140	176	35
140	177	54
140	178	72
140	179	60
140	180	78
140	181	36
182	140	17
140	183	68
140	184	14
185	140	53
140	186	65
140	187	61
188	140	70
189	140	59
140	190	25
140	191	47
192	140	75
193	140	46
194	140	57
195	140	57
140	196	76
197	140	63
198	140	89
140	199	83
142	141	41
143	141	59
144	141	69
145	141	36
146	141	66
147	141	16
148	141	13
149	141	14
141	150	82
141	151	9
141	152	76
141	153	36
154	141	62
141	155	98
141	156	99
157	141	48
141	158	37
159	141	7
141	160	57
141	161	85
141	162	41
141	163	86
164	141	9
165	141	2
141	166	99
167	141	70
141	168	28
141	169	48
141	170	42
141	171	50
172	141	67
141	173	17
174	141	96
141	175	22
176	141	55
177	141	2
178	141	2
179	141	100
180	141	79
181	141	23
182	141	65
183	141	93
141	184	51
185	141	40
141	186	57
187	141	34
141	188	99
141	189	74
190	141	21
141	191	81
141	192	66
193	141	63
194	141	36
195	141	45
196	141	100
197	141	50
198	141	67
199	141	45
142	143	21
144	142	75
142	145	82
142	146	100
142	147	3
142	148	6
149	142	8
142	150	21
151	142	86
152	142	14
153	142	74
154	142	32
155	142	10
156	142	100
157	142	27
158	142	41
142	159	32
160	142	92
161	142	74
142	162	79
142	163	81
164	142	4
165	142	95
142	166	72
167	142	52
142	168	86
142	169	39
142	170	3
142	171	3
172	142	23
173	142	61
174	142	3
175	142	89
176	142	14
177	142	61
178	142	18
142	179	85
142	180	2
142	181	61
182	142	65
142	183	13
142	184	100
142	185	70
142	186	3
142	187	48
188	142	23
189	142	97
190	142	78
142	191	21
192	142	52
193	142	97
142	194	17
195	142	93
196	142	48
197	142	38
142	198	3
199	142	99
143	144	92
143	145	38
146	143	13
147	143	6
143	148	45
149	143	92
150	143	35
151	143	43
152	143	77
153	143	46
154	143	67
155	143	81
156	143	77
157	143	32
143	158	61
143	159	53
160	143	32
161	143	10
162	143	89
143	163	54
143	164	26
165	143	57
143	166	3
167	143	8
143	168	56
143	169	78
170	143	18
143	171	91
172	143	44
173	143	82
143	174	31
143	175	19
176	143	84
177	143	26
178	143	6
143	179	5
143	180	29
143	181	49
143	182	6
183	143	93
143	184	88
185	143	10
186	143	53
143	187	34
143	188	99
143	189	44
190	143	83
143	191	18
192	143	53
143	193	91
143	194	83
143	195	96
196	143	71
143	197	45
143	198	74
199	143	18
144	145	13
146	144	74
147	144	27
144	148	6
149	144	87
144	150	48
144	151	11
152	144	19
153	144	46
144	154	62
144	155	99
156	144	40
157	144	77
158	144	78
144	159	7
160	144	5
144	161	8
162	144	92
163	144	100
144	164	6
144	165	89
144	166	13
167	144	36
144	168	12
144	169	50
170	144	72
171	144	89
144	172	53
144	173	5
174	144	49
175	144	51
144	176	98
144	177	37
178	144	76
144	179	11
180	144	88
144	181	92
182	144	43
183	144	68
144	184	36
185	144	98
144	186	78
144	187	56
144	188	98
189	144	86
144	190	46
191	144	99
144	192	12
193	144	7
144	194	36
195	144	13
196	144	27
197	144	61
144	198	4
144	199	90
146	145	35
145	147	48
148	145	86
149	145	30
145	150	19
145	151	68
152	145	75
145	153	27
145	154	94
155	145	53
145	156	80
145	157	16
145	158	59
159	145	37
145	160	91
161	145	22
162	145	2
145	163	72
145	164	7
145	165	56
166	145	13
167	145	8
145	168	37
145	169	5
170	145	38
145	171	62
145	172	90
145	173	16
145	174	46
175	145	52
176	145	4
145	177	53
178	145	14
145	179	12
145	180	35
145	181	79
145	182	96
145	183	91
184	145	21
185	145	26
186	145	44
145	187	58
188	145	18
145	189	38
190	145	88
145	191	21
145	192	41
145	193	24
145	194	41
195	145	69
196	145	51
197	145	95
145	198	23
199	145	20
147	146	24
148	146	50
146	149	3
146	150	58
146	151	3
146	152	76
153	146	87
146	154	91
155	146	17
146	156	57
146	157	6
158	146	50
159	146	26
146	160	19
146	161	1
146	162	96
146	163	35
146	164	3
165	146	18
166	146	22
146	167	59
168	146	90
146	169	22
146	170	100
171	146	55
172	146	26
173	146	73
146	174	67
146	175	53
146	176	86
177	146	85
178	146	20
146	179	62
146	180	89
181	146	23
182	146	85
183	146	62
146	184	14
146	185	85
146	186	60
146	187	35
146	188	36
189	146	63
146	190	42
146	191	64
146	192	23
193	146	26
146	194	94
195	146	83
196	146	83
146	197	42
146	198	59
146	199	75
148	147	64
149	147	87
150	147	54
147	151	88
147	152	50
153	147	13
154	147	83
147	155	54
156	147	21
147	157	63
147	158	66
159	147	99
147	160	44
161	147	5
147	162	9
147	163	91
164	147	65
165	147	90
166	147	5
147	167	39
168	147	61
147	169	97
170	147	13
171	147	63
147	172	7
173	147	74
174	147	89
147	175	55
176	147	50
147	177	40
178	147	87
179	147	4
147	180	3
147	181	85
147	182	87
183	147	77
147	184	73
185	147	6
147	186	78
187	147	68
147	188	43
147	189	100
190	147	72
191	147	31
147	192	68
147	193	90
147	194	37
147	195	15
147	196	14
147	197	24
198	147	24
199	147	60
149	148	62
148	150	48
148	151	53
148	152	2
148	153	38
154	148	63
148	155	42
148	156	59
157	148	26
148	158	66
148	159	32
148	160	28
148	161	99
162	148	65
148	163	95
164	148	48
165	148	50
166	148	88
148	167	14
148	168	10
169	148	77
170	148	53
148	171	12
172	148	75
148	173	15
174	148	74
175	148	48
176	148	65
177	148	25
178	148	28
148	179	75
148	180	83
148	181	40
182	148	51
183	148	36
184	148	1
185	148	32
148	186	87
148	187	99
188	148	85
189	148	30
148	190	98
191	148	29
148	192	26
148	193	94
148	194	19
195	148	98
196	148	12
197	148	91
148	198	27
199	148	1
149	150	1
149	151	62
149	152	55
153	149	13
154	149	71
149	155	37
149	156	21
157	149	64
149	158	38
159	149	81
149	160	82
149	161	5
162	149	11
163	149	22
149	164	4
149	165	68
166	149	45
149	167	54
149	168	83
149	169	37
170	149	19
171	149	80
172	149	46
173	149	86
149	174	15
175	149	9
176	149	19
149	177	37
149	178	34
179	149	44
149	180	83
181	149	49
149	182	28
149	183	23
149	184	84
185	149	63
149	186	73
149	187	49
149	188	51
189	149	44
149	190	4
191	149	46
149	192	46
149	193	17
194	149	4
149	195	72
196	149	65
197	149	71
198	149	93
199	149	52
151	150	71
150	152	56
153	150	24
154	150	25
150	155	44
156	150	14
157	150	81
158	150	51
150	159	13
160	150	14
161	150	64
162	150	22
163	150	43
150	164	16
165	150	51
166	150	64
150	167	60
150	168	37
150	169	59
150	170	4
171	150	47
172	150	60
150	173	69
174	150	34
175	150	91
176	150	77
177	150	70
178	150	88
150	179	87
150	180	31
150	181	37
150	182	21
183	150	11
150	184	77
150	185	89
150	186	16
187	150	57
150	188	7
189	150	18
150	190	38
150	191	28
192	150	18
150	193	8
150	194	5
195	150	61
196	150	29
150	197	98
198	150	4
199	150	21
151	152	37
151	153	60
154	151	82
155	151	23
156	151	52
157	151	72
158	151	38
151	159	35
151	160	36
151	161	78
151	162	28
163	151	17
164	151	18
151	165	9
166	151	74
151	167	42
168	151	46
151	169	84
170	151	66
151	171	76
151	172	92
173	151	50
151	174	10
175	151	37
176	151	98
151	177	22
151	178	32
151	179	47
151	180	55
151	181	34
151	182	16
183	151	9
184	151	90
151	185	57
151	186	98
151	187	49
188	151	4
151	189	62
151	190	4
151	191	4
192	151	38
193	151	7
151	194	52
151	195	33
151	196	35
151	197	74
151	198	71
199	151	86
152	153	33
154	152	40
152	155	22
152	156	91
157	152	73
158	152	8
152	159	84
160	152	56
161	152	60
162	152	17
163	152	83
152	164	42
165	152	72
152	166	94
167	152	15
168	152	86
152	169	76
170	152	88
171	152	96
172	152	30
152	173	72
152	174	86
152	175	60
176	152	71
177	152	83
178	152	97
152	179	53
152	180	5
152	181	30
182	152	4
152	183	55
152	184	1
185	152	100
152	186	66
187	152	65
152	188	16
152	189	27
152	190	24
152	191	96
152	192	81
152	193	34
194	152	89
152	195	32
196	152	46
152	197	31
198	152	50
199	152	38
153	154	82
153	155	35
153	156	7
153	157	26
153	158	25
153	159	56
153	160	92
161	153	46
162	153	19
153	163	95
164	153	5
153	165	90
166	153	30
153	167	23
153	168	69
153	169	18
153	170	64
171	153	65
172	153	64
153	173	6
153	174	28
153	175	40
153	176	66
153	177	93
153	178	52
179	153	39
180	153	22
181	153	84
153	182	90
153	183	20
184	153	75
185	153	100
153	186	14
187	153	32
188	153	94
153	189	29
153	190	60
153	191	60
192	153	4
153	193	53
153	194	78
153	195	59
153	196	38
153	197	85
153	198	72
199	153	74
154	155	47
154	156	1
157	154	26
158	154	70
159	154	85
154	160	22
161	154	99
154	162	69
154	163	11
164	154	44
154	165	84
154	166	18
154	167	20
154	168	82
169	154	32
154	170	7
171	154	48
154	172	34
154	173	5
174	154	85
154	175	40
176	154	84
154	177	21
178	154	97
179	154	47
154	180	89
154	181	22
182	154	45
154	183	28
184	154	59
185	154	83
186	154	19
187	154	49
154	188	28
154	189	53
190	154	49
191	154	33
192	154	57
193	154	61
154	194	82
195	154	98
154	196	28
197	154	75
154	198	41
199	154	72
155	156	28
155	157	90
158	155	28
155	159	81
160	155	19
155	161	25
155	162	75
155	163	29
164	155	64
155	165	89
155	166	85
167	155	12
155	168	43
155	169	69
155	170	18
155	171	92
172	155	34
173	155	15
155	174	34
155	175	23
176	155	70
177	155	51
178	155	57
155	179	69
180	155	18
155	181	9
155	182	84
183	155	39
184	155	10
185	155	99
155	186	99
187	155	54
188	155	62
189	155	45
190	155	63
191	155	59
192	155	88
155	193	56
194	155	2
195	155	29
196	155	80
155	197	4
198	155	85
155	199	32
157	156	55
156	158	81
159	156	30
156	160	97
156	161	66
156	162	11
163	156	35
164	156	58
165	156	16
156	166	10
156	167	74
168	156	4
169	156	45
156	170	65
156	171	89
172	156	50
156	173	1
174	156	41
156	175	8
156	176	60
177	156	85
156	178	73
156	179	32
180	156	37
181	156	85
156	182	23
156	183	27
156	184	97
185	156	38
156	186	38
156	187	66
188	156	6
156	189	8
156	190	66
156	191	94
156	192	67
193	156	39
156	194	44
195	156	78
196	156	73
156	197	69
156	198	60
199	156	8
158	157	70
159	157	48
160	157	15
157	161	87
162	157	84
157	163	98
164	157	64
157	165	8
157	166	76
167	157	1
168	157	77
169	157	64
157	170	35
157	171	37
172	157	30
173	157	32
157	174	72
175	157	42
157	176	55
177	157	34
178	157	70
157	179	7
157	180	46
157	181	76
182	157	11
157	183	71
184	157	50
157	185	96
157	186	61
187	157	14
188	157	10
189	157	51
190	157	84
157	191	96
192	157	36
157	193	4
157	194	29
195	157	45
196	157	46
197	157	63
157	198	69
157	199	77
158	159	91
160	158	25
158	161	82
158	162	57
163	158	93
164	158	59
158	165	82
158	166	33
158	167	46
158	168	7
169	158	64
158	170	3
158	171	15
158	172	6
158	173	55
174	158	13
158	175	25
176	158	91
177	158	80
178	158	87
158	179	15
180	158	91
181	158	85
158	182	28
158	183	36
158	184	10
158	185	7
186	158	65
187	158	37
158	188	93
158	189	60
158	190	78
158	191	5
158	192	56
158	193	40
194	158	68
195	158	39
196	158	70
197	158	43
198	158	79
158	199	68
160	159	40
159	161	65
162	159	65
159	163	51
159	164	30
165	159	18
166	159	47
167	159	25
168	159	76
169	159	32
170	159	3
171	159	9
172	159	4
159	173	29
174	159	14
175	159	82
159	176	16
159	177	48
159	178	3
179	159	71
159	180	78
181	159	60
182	159	71
183	159	76
184	159	42
159	185	76
159	186	79
159	187	6
188	159	91
159	189	88
190	159	19
191	159	37
159	192	28
193	159	52
194	159	41
159	195	40
196	159	90
197	159	33
159	198	22
199	159	1
161	160	40
160	162	17
163	160	30
164	160	34
165	160	58
160	166	28
160	167	54
160	168	72
160	169	69
170	160	83
171	160	14
172	160	53
173	160	18
160	174	93
175	160	21
160	176	52
177	160	69
178	160	91
179	160	81
160	180	76
181	160	65
160	182	72
183	160	86
184	160	61
185	160	77
186	160	41
160	187	62
160	188	47
189	160	17
160	190	22
160	191	53
192	160	3
193	160	6
194	160	37
195	160	50
160	196	47
160	197	41
160	198	79
199	160	53
162	161	64
163	161	31
161	164	45
165	161	39
166	161	10
161	167	9
161	168	11
161	169	91
170	161	45
161	171	39
161	172	91
161	173	15
174	161	46
161	175	95
161	176	68
161	177	47
161	178	16
161	179	98
161	180	17
161	181	44
161	182	15
183	161	31
184	161	24
161	185	16
186	161	37
187	161	9
161	188	34
189	161	24
161	190	48
191	161	6
161	192	66
193	161	43
161	194	11
161	195	65
161	196	4
197	161	65
161	198	37
161	199	100
162	163	79
162	164	10
165	162	26
166	162	19
162	167	19
162	168	33
169	162	88
162	170	75
162	171	35
172	162	3
162	173	65
162	174	43
175	162	3
162	176	48
177	162	2
162	178	79
162	179	3
180	162	61
181	162	72
162	182	59
162	183	20
184	162	35
185	162	49
186	162	23
162	187	91
162	188	55
189	162	93
162	190	43
191	162	2
162	192	33
162	193	45
194	162	97
162	195	20
196	162	6
162	197	97
198	162	20
162	199	19
164	163	6
163	165	17
166	163	24
167	163	21
168	163	54
169	163	6
163	170	72
171	163	55
163	172	22
173	163	70
163	174	31
163	175	72
176	163	30
177	163	7
178	163	35
179	163	5
180	163	8
181	163	73
163	182	54
163	183	12
163	184	90
163	185	54
186	163	77
163	187	83
188	163	27
189	163	92
163	190	34
191	163	6
163	192	38
163	193	52
163	194	32
195	163	8
163	196	22
163	197	67
198	163	50
199	163	26
165	164	27
166	164	93
167	164	49
168	164	37
164	169	25
164	170	32
164	171	14
164	172	98
164	173	99
174	164	36
175	164	60
164	176	7
177	164	90
178	164	53
164	179	21
180	164	4
164	181	75
182	164	29
183	164	23
184	164	58
185	164	82
186	164	8
187	164	97
188	164	66
164	189	35
164	190	16
191	164	78
192	164	69
193	164	14
194	164	40
195	164	17
164	196	3
197	164	22
164	198	79
199	164	18
165	166	14
167	165	2
165	168	44
169	165	44
165	170	2
171	165	77
165	172	45
165	173	32
165	174	13
175	165	39
176	165	74
177	165	2
178	165	31
165	179	75
180	165	52
181	165	73
182	165	43
183	165	50
165	184	5
185	165	68
165	186	79
165	187	20
165	188	72
165	189	58
190	165	59
165	191	70
165	192	25
165	193	49
165	194	91
195	165	32
196	165	75
165	197	23
165	198	53
165	199	77
167	166	74
166	168	98
169	166	22
166	170	71
171	166	84
172	166	54
166	173	80
174	166	63
166	175	54
176	166	95
177	166	42
166	178	85
179	166	81
166	180	63
166	181	26
166	182	64
166	183	9
184	166	49
185	166	45
166	186	50
187	166	34
166	188	48
189	166	64
166	190	85
191	166	50
166	192	94
193	166	15
194	166	21
166	195	91
196	166	56
166	197	59
198	166	25
199	166	66
168	167	38
169	167	20
170	167	91
167	171	95
167	172	70
173	167	99
167	174	55
167	175	65
167	176	98
167	177	72
178	167	98
179	167	73
180	167	2
181	167	96
167	182	8
183	167	51
184	167	2
185	167	85
167	186	16
167	187	76
167	188	60
167	189	50
190	167	12
167	191	91
192	167	89
167	193	21
167	194	80
167	195	61
196	167	78
167	197	39
167	198	70
167	199	43
168	169	89
170	168	75
168	171	6
168	172	50
168	173	32
168	174	98
175	168	55
168	176	21
177	168	22
168	178	78
168	179	74
168	180	43
168	181	72
182	168	44
183	168	45
168	184	46
185	168	78
186	168	38
187	168	71
188	168	36
168	189	18
168	190	12
191	168	47
192	168	67
193	168	60
168	194	43
195	168	2
168	196	50
168	197	23
198	168	37
168	199	17
170	169	74
169	171	63
172	169	88
169	173	22
174	169	51
169	175	100
169	176	45
177	169	50
169	178	80
179	169	42
180	169	66
181	169	72
169	182	5
169	183	62
169	184	34
169	185	88
169	186	83
169	187	85
169	188	96
169	189	71
169	190	8
191	169	18
169	192	51
193	169	1
169	194	75
195	169	28
169	196	97
169	197	78
169	198	82
199	169	73
171	170	65
172	170	54
170	173	7
170	174	33
170	175	10
170	176	75
177	170	92
170	178	6
179	170	41
170	180	45
170	181	47
182	170	24
170	183	34
170	184	49
185	170	61
170	186	37
187	170	62
170	188	69
189	170	98
170	190	54
170	191	40
170	192	35
193	170	20
194	170	96
195	170	70
170	196	6
197	170	60
198	170	2
170	199	21
172	171	33
171	173	77
174	171	6
175	171	76
176	171	20
171	177	66
171	178	57
179	171	13
180	171	69
171	181	95
182	171	23
171	183	25
171	184	96
185	171	35
186	171	55
171	187	30
188	171	60
189	171	80
171	190	35
171	191	33
171	192	31
171	193	39
194	171	11
195	171	33
171	196	15
171	197	58
198	171	97
199	171	9
172	173	8
172	174	39
175	172	48
176	172	9
172	177	23
172	178	51
172	179	20
172	180	21
172	181	32
182	172	19
183	172	88
184	172	58
172	185	38
172	186	78
187	172	33
172	188	37
172	189	33
190	172	5
191	172	79
192	172	20
172	193	30
172	194	58
195	172	2
172	196	83
172	197	66
198	172	97
199	172	35
174	173	63
175	173	97
176	173	36
173	177	3
178	173	13
179	173	96
180	173	15
173	181	24
173	182	5
173	183	35
173	184	79
185	173	41
186	173	93
187	173	25
173	188	13
173	189	71
190	173	56
173	191	49
173	192	54
193	173	57
173	194	90
195	173	47
196	173	28
173	197	32
198	173	26
173	199	78
175	174	19
176	174	88
177	174	86
174	178	87
174	179	41
180	174	30
181	174	66
174	182	26
174	183	100
184	174	7
185	174	93
186	174	48
187	174	95
188	174	76
174	189	39
190	174	90
191	174	66
192	174	47
193	174	14
194	174	52
174	195	9
196	174	69
174	197	71
174	198	68
174	199	62
175	176	24
177	175	31
175	178	36
179	175	18
180	175	10
181	175	55
175	182	25
175	183	47
175	184	55
175	185	56
175	186	50
187	175	88
175	188	93
189	175	3
175	190	57
175	191	52
175	192	10
175	193	97
175	194	24
175	195	2
175	196	46
175	197	61
198	175	39
199	175	44
176	177	49
176	178	82
176	179	44
180	176	43
181	176	73
182	176	55
183	176	28
184	176	72
176	185	36
176	186	45
187	176	81
176	188	73
189	176	94
190	176	36
176	191	22
176	192	89
193	176	70
176	194	4
176	195	98
196	176	96
176	197	42
198	176	17
176	199	68
178	177	93
179	177	82
177	180	81
181	177	96
177	182	69
183	177	61
177	184	10
185	177	71
177	186	9
187	177	34
188	177	97
177	189	51
177	190	31
191	177	65
177	192	13
177	193	24
177	194	82
177	195	71
177	196	18
177	197	49
177	198	63
199	177	26
178	179	16
178	180	22
178	181	87
178	182	73
178	183	51
178	184	84
178	185	1
186	178	86
187	178	9
178	188	39
189	178	50
178	190	5
178	191	98
192	178	19
193	178	8
194	178	40
195	178	43
178	196	33
178	197	81
198	178	64
199	178	93
180	179	34
181	179	33
182	179	84
179	183	4
184	179	20
185	179	81
186	179	11
187	179	76
188	179	52
189	179	37
190	179	71
191	179	27
179	192	41
179	193	43
194	179	12
195	179	79
179	196	83
197	179	89
198	179	25
199	179	26
180	181	83
180	182	45
183	180	33
184	180	75
180	185	33
186	180	7
180	187	97
188	180	3
180	189	10
190	180	43
180	191	74
192	180	76
180	193	75
194	180	52
180	195	58
180	196	5
180	197	14
180	198	25
199	180	82
181	182	78
181	183	88
184	181	26
185	181	86
186	181	57
187	181	62
181	188	22
181	189	11
190	181	50
191	181	48
181	192	18
181	193	52
181	194	40
181	195	12
181	196	96
181	197	96
181	198	41
181	199	91
182	183	2
182	184	95
185	182	86
186	182	17
187	182	9
182	188	8
189	182	89
182	190	70
182	191	74
182	192	71
193	182	46
182	194	96
195	182	26
196	182	83
182	197	21
198	182	35
182	199	36
183	184	81
185	183	79
183	186	98
183	187	15
183	188	98
189	183	56
183	190	15
183	191	94
183	192	45
183	193	43
194	183	69
195	183	48
183	196	93
183	197	58
198	183	97
183	199	4
185	184	62
186	184	8
184	187	67
184	188	17
184	189	14
190	184	9
191	184	62
192	184	57
184	193	71
184	194	45
195	184	94
184	196	27
184	197	86
184	198	4
184	199	53
186	185	17
187	185	29
188	185	52
185	189	64
185	190	12
185	191	9
192	185	92
193	185	3
194	185	67
195	185	14
185	196	12
197	185	30
198	185	41
185	199	36
187	186	64
186	188	70
186	189	70
186	190	14
186	191	42
192	186	76
186	193	36
194	186	16
195	186	83
196	186	12
197	186	42
198	186	54
186	199	6
188	187	1
187	189	2
187	190	70
191	187	31
192	187	19
187	193	66
187	194	91
187	195	57
187	196	41
197	187	91
187	198	92
187	199	58
188	189	49
190	188	65
191	188	17
192	188	42
188	193	37
188	194	43
195	188	41
188	196	63
188	197	75
188	198	36
188	199	55
190	189	7
189	191	87
192	189	61
189	193	46
194	189	31
189	195	95
189	196	45
197	189	48
189	198	83
199	189	40
190	191	13
190	192	57
190	193	75
190	194	24
190	195	91
190	196	18
190	197	25
198	190	5
199	190	33
191	192	27
191	193	90
191	194	32
195	191	62
191	196	12
197	191	85
198	191	63
199	191	18
193	192	32
192	194	61
195	192	31
196	192	82
197	192	17
198	192	48
199	192	13
193	194	18
193	195	77
193	196	73
197	193	68
193	198	29
199	193	1
194	195	90
196	194	37
194	197	21
194	198	74
194	199	78
195	196	78
197	195	12
195	198	17
199	195	76
196	197	67
198	196	74
196	199	10
197	198	97
199	197	20
198	199	41
5	144	47
166	51	60
114	3	13
135	88	73
148	50	34
134	75	54
197	31	53
29	163	50
71	128	42
110	56	51
122	85	93
106	2	47
132	67	85
22	127	26
176	26	68
168	81	89
10	180	85
133	54	49
24	194	58
110	86	59
102	82	30
175	13	5
127	19	44
15	194	99
194	32	2
164	0	95
52	198	79
160	8	4
122	73	42
101	24	96
56	138	9
105	39	86
143	45	70
189	26	57
93	146	73
198	85	99
